epoch:0 0.1455  0.3848  0.0307  -1.0000  0.1456  -1.0000  0.1760  0.3864  0.3941  -1.0000  0.3941  -1.0000  1.2148  0.004000
epoch:1 0.3849  0.6778  0.2886  -1.0000  0.3849  -1.0000  0.4336  0.5953  0.5953  -1.0000  0.5953  -1.0000  0.4213  0.004000
epoch:2 0.4474  0.6510  0.5811  -1.0000  0.4509  -1.0000  0.3518  0.7001  0.7001  -1.0000  0.7001  -1.0000  0.3050  0.004000
epoch:3 0.4301  0.6177  0.5659  -1.0000  0.4390  -1.0000  0.4758  0.7345  0.7345  -1.0000  0.7345  -1.0000  0.2647  0.004000
epoch:4 0.4163  0.5723  0.5324  -1.0000  0.4369  -1.0000  0.4902  0.7477  0.7477  -1.0000  0.7477  -1.0000  0.2358  0.004000
epoch:5 0.4331  0.5685  0.5432  -1.0000  0.4395  -1.0000  0.4089  0.7726  0.7726  -1.0000  0.7726  -1.0000  0.2333  0.004000
epoch:6 0.4429  0.6310  0.5002  -1.0000  0.4506  -1.0000  0.5041  0.7268  0.7268  -1.0000  0.7268  -1.0000  0.2143  0.004000
epoch:7 0.5827  0.7384  0.6889  -1.0000  0.5918  -1.0000  0.5963  0.7956  0.7956  -1.0000  0.7956  -1.0000  0.2053  0.004000
epoch:8 0.5346  0.7394  0.6417  -1.0000  0.5355  -1.0000  0.5598  0.7430  0.7430  -1.0000  0.7430  -1.0000  0.1982  0.004000
epoch:9 0.6395  0.7845  0.7723  -1.0000  0.6419  -1.0000  0.5768  0.8135  0.8135  -1.0000  0.8135  -1.0000  0.1844  0.004000
epoch:10 0.6298  0.7932  0.7932  -1.0000  0.6321  -1.0000  0.5400  0.8163  0.8163  -1.0000  0.8163  -1.0000  0.1641  0.000400
epoch:11 0.6804  0.8268  0.8268  -1.0000  0.6820  -1.0000  0.5394  0.8305  0.8305  -1.0000  0.8305  -1.0000  0.1579  0.000400
epoch:12 0.6610  0.8104  0.8104  -1.0000  0.6629  -1.0000  0.5938  0.8240  0.8240  -1.0000  0.8240  -1.0000  0.1591  0.000400
epoch:13 0.6890  0.8466  0.8466  -1.0000  0.6896  -1.0000  0.6479  0.8182  0.8182  -1.0000  0.8182  -1.0000  0.1543  0.000400
epoch:14 0.6997  0.8548  0.8548  -1.0000  0.7004  -1.0000  0.6872  0.8195  0.8195  -1.0000  0.8195  -1.0000  0.1555  0.000400
epoch:15 0.7016  0.8646  0.8465  -1.0000  0.7025  -1.0000  0.6843  0.8182  0.8182  -1.0000  0.8182  -1.0000  0.1520  0.000400
epoch:16 0.7071  0.8714  0.8714  -1.0000  0.7079  -1.0000  0.6579  0.8185  0.8185  -1.0000  0.8185  -1.0000  0.1517  0.000400
epoch:17 0.7156  0.8827  0.8524  -1.0000  0.7165  -1.0000  0.6477  0.8179  0.8179  -1.0000  0.8179  -1.0000  0.1474  0.000400
epoch:18 0.6888  0.8380  0.8380  -1.0000  0.6893  -1.0000  0.6290  0.8289  0.8289  -1.0000  0.8289  -1.0000  0.1497  0.000400
epoch:19 0.7421  0.9047  0.8773  -1.0000  0.7433  -1.0000  0.6963  0.8334  0.8334  -1.0000  0.8334  -1.0000  0.1484  0.000400
epoch:20 0.7326  0.8875  0.8522  -1.0000  0.7332  -1.0000  0.6444  0.8292  0.8292  -1.0000  0.8292  -1.0000  0.1444  0.000040
epoch:21 0.7268  0.8895  0.8759  -1.0000  0.7277  -1.0000  0.6827  0.8182  0.8182  -1.0000  0.8182  -1.0000  0.1456  0.000040
epoch:22 0.7060  0.8591  0.8300  -1.0000  0.7068  -1.0000  0.6902  0.8240  0.8240  -1.0000  0.8240  -1.0000  0.1425  0.000040
epoch:23 0.7427  0.9031  0.8758  -1.0000  0.7437  -1.0000  0.7063  0.8273  0.8273  -1.0000  0.8273  -1.0000  0.1426  0.000040
epoch:24 0.7271  0.8901  0.8726  -1.0000  0.7279  -1.0000  0.7031  0.8224  0.8224  -1.0000  0.8224  -1.0000  0.1454  0.000040
epoch:25 0.7505  0.8890  0.8890  -1.0000  0.7514  -1.0000  0.7144  0.8370  0.8370  -1.0000  0.8370  -1.0000  0.1432  0.000040
epoch:26 0.7344  0.8944  0.8790  -1.0000  0.7353  -1.0000  0.7063  0.8273  0.8273  -1.0000  0.8273  -1.0000  0.1451  0.000040
epoch:27 0.7331  0.8917  0.8677  -1.0000  0.7341  -1.0000  0.6963  0.8302  0.8302  -1.0000  0.8302  -1.0000  0.1451  0.000040
epoch:28 0.7341  0.8915  0.8651  -1.0000  0.7349  -1.0000  0.6479  0.8182  0.8182  -1.0000  0.8182  -1.0000  0.1440  0.000040
epoch:29 0.7148  0.8859  0.8588  -1.0000  0.7157  -1.0000  0.6824  0.8163  0.8163  -1.0000  0.8163  -1.0000  0.1434  0.000040
epoch:30 0.7255  0.8861  0.8551  -1.0000  0.7262  -1.0000  0.6902  0.8273  0.8273  -1.0000  0.8273  -1.0000  0.1444  0.000004
epoch:31 0.7350  0.8911  0.8610  -1.0000  0.7358  -1.0000  0.6963  0.8302  0.8302  -1.0000  0.8302  -1.0000  0.1432  0.000004
epoch:32 0.7334  0.8916  0.8740  -1.0000  0.7344  -1.0000  0.6886  0.8224  0.8224  -1.0000  0.8224  -1.0000  0.1438  0.000004
epoch:33 0.7404  0.8870  0.8870  -1.0000  0.7404  -1.0000  0.6921  0.8130  0.8130  -1.0000  0.8130  -1.0000  0.1439  0.000004
epoch:34 0.7431  0.8940  0.8940  -1.0000  0.7444  -1.0000  0.7095  0.8289  0.8289  -1.0000  0.8289  -1.0000  0.1427  0.000004
epoch:35 0.7259  0.8935  0.8633  -1.0000  0.7269  -1.0000  0.6886  0.8208  0.8208  -1.0000  0.8208  -1.0000  0.1431  0.000004
epoch:36 0.7216  0.8931  0.8651  -1.0000  0.7225  -1.0000  0.6924  0.8133  0.8133  -1.0000  0.8133  -1.0000  0.1429  0.000004
epoch:37 0.7156  0.8825  0.8469  -1.0000  0.7164  -1.0000  0.6856  0.8211  0.8211  -1.0000  0.8211  -1.0000  0.1425  0.000004
epoch:38 0.7224  0.8885  0.8597  -1.0000  0.7231  -1.0000  0.6872  0.8211  0.8211  -1.0000  0.8211  -1.0000  0.1437  0.000004
epoch:39 0.7282  0.8870  0.8518  -1.0000  0.7287  -1.0000  0.6509  0.8260  0.8260  -1.0000  0.8260  -1.0000  0.1435  0.000004
epoch:40 0.7538  0.9016  0.9016  -1.0000  0.7549  -1.0000  0.7128  0.8337  0.8337  -1.0000  0.8337  -1.0000  0.1426  0.000000
epoch:41 0.7332  0.8982  0.8699  -1.0000  0.7342  -1.0000  0.7031  0.8240  0.8240  -1.0000  0.8240  -1.0000  0.1428  0.000000
epoch:42 0.7237  0.8899  0.8630  -1.0000  0.7246  -1.0000  0.6972  0.8198  0.8198  -1.0000  0.8198  -1.0000  0.1427  0.000000
epoch:43 0.7191  0.8932  0.8588  -1.0000  0.7200  -1.0000  0.7015  0.8208  0.8208  -1.0000  0.8208  -1.0000  0.1447  0.000000
epoch:44 0.7425  0.8997  0.8997  -1.0000  0.7434  -1.0000  0.7018  0.8227  0.8227  -1.0000  0.8227  -1.0000  0.1426  0.000000
epoch:45 0.7492  0.8976  0.8976  -1.0000  0.7504  -1.0000  0.7095  0.8321  0.8321  -1.0000  0.8321  -1.0000  0.1446  0.000000
epoch:46 0.7285  0.8940  0.8631  -1.0000  0.7290  -1.0000  0.6490  0.8257  0.8257  -1.0000  0.8257  -1.0000  0.1443  0.000000
epoch:47 0.7354  0.8855  0.8855  -1.0000  0.7369  -1.0000  0.6937  0.8243  0.8243  -1.0000  0.8243  -1.0000  0.1416  0.000000
epoch:48 0.7184  0.8647  0.8371  -1.0000  0.7193  -1.0000  0.6554  0.8302  0.8302  -1.0000  0.8302  -1.0000  0.1433  0.000000
epoch:49 0.7295  0.8874  0.8874  -1.0000  0.7302  -1.0000  0.7047  0.8240  0.8240  -1.0000  0.8240  -1.0000  0.1446  0.000000
