epoch:0 0.0445  0.1488  0.0000  -1.0000  0.0446  -1.0000  0.1223  0.2784  0.2801  -1.0000  0.2801  -1.0000  1.5542  0.004000
epoch:1 0.1863  0.4571  0.0383  -1.0000  0.1864  -1.0000  0.2100  0.4261  0.4390  -1.0000  0.4390  -1.0000  0.5302  0.004000
epoch:2 0.2984  0.4901  0.3486  -1.0000  0.2987  -1.0000  0.3041  0.6343  0.6343  -1.0000  0.6343  -1.0000  0.4772  0.004000
epoch:3 0.3979  0.5910  0.5316  -1.0000  0.3979  -1.0000  0.4510  0.7128  0.7128  -1.0000  0.7128  -1.0000  0.3514  0.004000
epoch:4 0.3696  0.5727  0.4627  -1.0000  0.3983  -1.0000  0.3589  0.6826  0.6826  -1.0000  0.6826  -1.0000  0.2898  0.004000
epoch:5 0.4339  0.5984  0.5541  -1.0000  0.4679  -1.0000  0.4161  0.7661  0.7661  -1.0000  0.7661  -1.0000  0.2790  0.004000
epoch:6 0.4826  0.6522  0.6394  -1.0000  0.4928  -1.0000  0.4755  0.7677  0.7677  -1.0000  0.7677  -1.0000  0.2518  0.004000
epoch:7 0.4172  0.6070  0.5321  -1.0000  0.4284  -1.0000  0.4837  0.7296  0.7296  -1.0000  0.7296  -1.0000  0.2527  0.004000
epoch:8 0.5331  0.6648  0.6441  -1.0000  0.5565  -1.0000  0.5913  0.8213  0.8213  -1.0000  0.8213  -1.0000  0.2351  0.004000
epoch:9 0.5227  0.7165  0.6930  -1.0000  0.5227  -1.0000  0.3833  0.7415  0.7415  -1.0000  0.7415  -1.0000  0.2163  0.004000
epoch:10 0.5366  0.7060  0.6820  -1.0000  0.5366  -1.0000  0.5043  0.7849  0.7849  -1.0000  0.7849  -1.0000  0.1995  0.000400
epoch:11 0.5746  0.7339  0.7339  -1.0000  0.5760  -1.0000  0.5374  0.7855  0.7855  -1.0000  0.7855  -1.0000  0.1956  0.000400
epoch:12 0.5387  0.7037  0.6596  -1.0000  0.5405  -1.0000  0.5342  0.7696  0.7696  -1.0000  0.7696  -1.0000  0.1951  0.000400
epoch:13 0.5352  0.6950  0.6647  -1.0000  0.5403  -1.0000  0.5226  0.7833  0.7833  -1.0000  0.7833  -1.0000  0.1948  0.000400
epoch:14 0.5350  0.7090  0.6657  -1.0000  0.5424  -1.0000  0.5780  0.7563  0.7563  -1.0000  0.7563  -1.0000  0.1948  0.000400
epoch:15 0.5536  0.7175  0.6883  -1.0000  0.5574  -1.0000  0.5641  0.7865  0.7865  -1.0000  0.7865  -1.0000  0.1916  0.000400
epoch:16 0.5834  0.7439  0.7142  -1.0000  0.5854  -1.0000  0.6521  0.7972  0.7972  -1.0000  0.7972  -1.0000  0.1922  0.000400
epoch:17 0.5533  0.7156  0.6885  -1.0000  0.5545  -1.0000  0.5654  0.7817  0.7817  -1.0000  0.7817  -1.0000  0.1893  0.000400
epoch:18 0.5263  0.6916  0.6590  -1.0000  0.5299  -1.0000  0.5908  0.7787  0.7787  -1.0000  0.7787  -1.0000  0.1885  0.000400
epoch:19 0.5482  0.7240  0.6961  -1.0000  0.5515  -1.0000  0.6194  0.7758  0.7758  -1.0000  0.7758  -1.0000  0.1874  0.000400
epoch:20 0.5289  0.7039  0.6439  -1.0000  0.5328  -1.0000  0.5507  0.7576  0.7576  -1.0000  0.7576  -1.0000  0.1862  0.000040
epoch:21 0.5322  0.7124  0.6710  -1.0000  0.5348  -1.0000  0.5346  0.7589  0.7589  -1.0000  0.7589  -1.0000  0.1875  0.000040
epoch:22 0.5598  0.7318  0.7018  -1.0000  0.5625  -1.0000  0.6268  0.7817  0.7817  -1.0000  0.7817  -1.0000  0.1858  0.000040
epoch:23 0.5716  0.7426  0.7141  -1.0000  0.5741  -1.0000  0.6157  0.7891  0.7891  -1.0000  0.7891  -1.0000  0.1859  0.000040
epoch:24 0.5720  0.7374  0.7099  -1.0000  0.5737  -1.0000  0.6111  0.7878  0.7878  -1.0000  0.7878  -1.0000  0.1849  0.000040
epoch:25 0.5320  0.6943  0.6644  -1.0000  0.5361  -1.0000  0.5735  0.7833  0.7833  -1.0000  0.7833  -1.0000  0.1864  0.000040
epoch:26 0.5618  0.7299  0.6982  -1.0000  0.5647  -1.0000  0.6189  0.7924  0.7924  -1.0000  0.7924  -1.0000  0.1855  0.000040
epoch:27 0.5397  0.7203  0.6797  -1.0000  0.5444  -1.0000  0.5582  0.7726  0.7726  -1.0000  0.7726  -1.0000  0.1852  0.000040
epoch:28 0.5468  0.7230  0.6637  -1.0000  0.5498  -1.0000  0.5962  0.7696  0.7696  -1.0000  0.7696  -1.0000  0.1850  0.000040
epoch:29 0.5528  0.7094  0.7094  -1.0000  0.5559  -1.0000  0.6235  0.7953  0.7953  -1.0000  0.7953  -1.0000  0.1862  0.000040
epoch:30 0.5500  0.7065  0.6758  -1.0000  0.5534  -1.0000  0.6235  0.7969  0.7969  -1.0000  0.7969  -1.0000  0.1850  0.000004
epoch:31 0.5367  0.6907  0.6602  -1.0000  0.5393  -1.0000  0.5871  0.7953  0.7953  -1.0000  0.7953  -1.0000  0.1867  0.000004
epoch:32 0.5619  0.7184  0.7184  -1.0000  0.5654  -1.0000  0.6251  0.7985  0.7985  -1.0000  0.7985  -1.0000  0.1870  0.000004
epoch:33 0.5412  0.7193  0.6606  -1.0000  0.5452  -1.0000  0.5537  0.7635  0.7635  -1.0000  0.7635  -1.0000  0.1867  0.000004
epoch:34 0.5464  0.7024  0.6701  -1.0000  0.5494  -1.0000  0.6235  0.7985  0.7985  -1.0000  0.7985  -1.0000  0.1845  0.000004
epoch:35 0.5470  0.7080  0.6777  -1.0000  0.5508  -1.0000  0.6173  0.7924  0.7924  -1.0000  0.7924  -1.0000  0.1853  0.000004
epoch:36 0.5608  0.7164  0.7164  -1.0000  0.5648  -1.0000  0.5871  0.7985  0.7985  -1.0000  0.7985  -1.0000  0.1856  0.000004
epoch:37 0.5780  0.7432  0.7142  -1.0000  0.5815  -1.0000  0.6218  0.7937  0.7937  -1.0000  0.7937  -1.0000  0.1840  0.000004
epoch:38 0.5608  0.7205  0.6901  -1.0000  0.5640  -1.0000  0.6235  0.7953  0.7953  -1.0000  0.7953  -1.0000  0.1852  0.000004
epoch:39 0.5342  0.7110  0.6503  -1.0000  0.5377  -1.0000  0.5537  0.7651  0.7651  -1.0000  0.7651  -1.0000  0.1838  0.000004
epoch:40 0.5469  0.7017  0.6698  -1.0000  0.5500  -1.0000  0.6235  0.7969  0.7969  -1.0000  0.7969  -1.0000  0.1859  0.000000
epoch:41 0.5652  0.7211  0.6913  -1.0000  0.5690  -1.0000  0.6251  0.8018  0.8018  -1.0000  0.8018  -1.0000  0.1848  0.000000
epoch:42 0.5467  0.7217  0.6646  -1.0000  0.5491  -1.0000  0.5833  0.7696  0.7696  -1.0000  0.7696  -1.0000  0.1849  0.000000
epoch:43 0.5284  0.7020  0.6294  -1.0000  0.5325  -1.0000  0.5598  0.7729  0.7729  -1.0000  0.7729  -1.0000  0.1845  0.000000
epoch:44 0.5335  0.7196  0.6578  -1.0000  0.5376  -1.0000  0.5504  0.7619  0.7619  -1.0000  0.7619  -1.0000  0.1855  0.000000
epoch:45 0.5786  0.7596  0.6975  -1.0000  0.5818  -1.0000  0.6007  0.7758  0.7758  -1.0000  0.7758  -1.0000  0.1854  0.000000
epoch:46 0.5445  0.7175  0.6894  -1.0000  0.5480  -1.0000  0.5582  0.7696  0.7696  -1.0000  0.7696  -1.0000  0.1844  0.000000
epoch:47 0.5491  0.7057  0.6741  -1.0000  0.5521  -1.0000  0.6218  0.7969  0.7969  -1.0000  0.7969  -1.0000  0.1853  0.000000
epoch:48 0.5513  0.7091  0.6790  -1.0000  0.5548  -1.0000  0.6221  0.7972  0.7972  -1.0000  0.7972  -1.0000  0.1842  0.000000
epoch:49 0.5355  0.7079  0.6469  -1.0000  0.5394  -1.0000  0.5598  0.7713  0.7713  -1.0000  0.7713  -1.0000  0.1848  0.000000
epoch:50 0.5561  0.7170  0.6864  -1.0000  0.5586  -1.0000  0.5855  0.7969  0.7969  -1.0000  0.7969  -1.0000  0.1855  0.000000
epoch:51 0.5446  0.7025  0.6691  -1.0000  0.5477  -1.0000  0.5839  0.7953  0.7953  -1.0000  0.7953  -1.0000  0.1856  0.000000
epoch:52 0.5622  0.7243  0.6949  -1.0000  0.5661  -1.0000  0.6189  0.7924  0.7924  -1.0000  0.7924  -1.0000  0.1820  0.000000
epoch:53 0.5642  0.7383  0.6836  -1.0000  0.5681  -1.0000  0.5962  0.7729  0.7729  -1.0000  0.7729  -1.0000  0.1848  0.000000
epoch:54 0.5591  0.7434  0.6827  -1.0000  0.5668  -1.0000  0.5855  0.7651  0.7651  -1.0000  0.7651  -1.0000  0.1849  0.000000
epoch:55 0.5326  0.7018  0.6383  -1.0000  0.5352  -1.0000  0.5598  0.7729  0.7729  -1.0000  0.7729  -1.0000  0.1836  0.000000
epoch:56 0.5556  0.7214  0.7214  -1.0000  0.5589  -1.0000  0.5793  0.7891  0.7891  -1.0000  0.7891  -1.0000  0.1842  0.000000
epoch:57 0.5467  0.7079  0.6780  -1.0000  0.5502  -1.0000  0.6218  0.7937  0.7937  -1.0000  0.7937  -1.0000  0.1844  0.000000
epoch:58 0.5305  0.7088  0.6476  -1.0000  0.5333  -1.0000  0.5553  0.7667  0.7667  -1.0000  0.7667  -1.0000  0.1855  0.000000
epoch:59 0.5598  0.7216  0.6905  -1.0000  0.5624  -1.0000  0.6235  0.7985  0.7985  -1.0000  0.7985  -1.0000  0.1859  0.000000
epoch:60 0.5343  0.7073  0.6454  -1.0000  0.5382  -1.0000  0.5598  0.7696  0.7696  -1.0000  0.7696  -1.0000  0.1834  0.000000
epoch:61 0.5638  0.7236  0.6938  -1.0000  0.5675  -1.0000  0.6218  0.7953  0.7953  -1.0000  0.7953  -1.0000  0.1860  0.000000
epoch:62 0.5474  0.7179  0.6569  -1.0000  0.5499  -1.0000  0.5598  0.7729  0.7729  -1.0000  0.7729  -1.0000  0.1847  0.000000
epoch:63 0.5582  0.7207  0.6890  -1.0000  0.5612  -1.0000  0.6202  0.7937  0.7937  -1.0000  0.7937  -1.0000  0.1852  0.000000
epoch:64 0.5362  0.6985  0.6673  -1.0000  0.5393  -1.0000  0.6144  0.7878  0.7878  -1.0000  0.7878  -1.0000  0.1857  0.000000
epoch:65 0.5344  0.7153  0.6552  -1.0000  0.5382  -1.0000  0.5566  0.7664  0.7664  -1.0000  0.7664  -1.0000  0.1838  0.000000
epoch:66 0.5890  0.7531  0.7228  -1.0000  0.5937  -1.0000  0.6235  0.7969  0.7969  -1.0000  0.7969  -1.0000  0.1852  0.000000
epoch:67 0.5685  0.7570  0.6991  -1.0000  0.5720  -1.0000  0.6087  0.7619  0.7619  -1.0000  0.7619  -1.0000  0.1853  0.000000
epoch:68 0.5598  0.7354  0.6780  -1.0000  0.5635  -1.0000  0.5962  0.7713  0.7713  -1.0000  0.7713  -1.0000  0.1876  0.000000
epoch:69 0.5677  0.7263  0.6973  -1.0000  0.5721  -1.0000  0.6251  0.8001  0.8001  -1.0000  0.8001  -1.0000  0.1850  0.000000
epoch:70 0.5474  0.7026  0.6698  -1.0000  0.5504  -1.0000  0.6235  0.8001  0.8001  -1.0000  0.8001  -1.0000  0.1854  0.000000
epoch:71 0.5620  0.7214  0.6897  -1.0000  0.5658  -1.0000  0.6235  0.7969  0.7969  -1.0000  0.7969  -1.0000  0.1852  0.000000
