epoch:0 0.0430  0.1390  0.0026  -1.0000  0.0433  -1.0000  0.0616  0.2661  0.2677  -1.0000  0.2677  -1.0000  1.5532  0.004000
epoch:1 0.1691  0.4455  0.0331  -1.0000  0.1691  -1.0000  0.2249  0.4051  0.4100  -1.0000  0.4100  -1.0000  0.5012  0.004000
epoch:2 0.2880  0.5630  0.2012  -1.0000  0.2880  -1.0000  0.2969  0.5638  0.5638  -1.0000  0.5638  -1.0000  0.4962  0.004000
epoch:3 0.4111  0.5954  0.5558  -1.0000  0.4111  -1.0000  0.4540  0.7007  0.7007  -1.0000  0.7007  -1.0000  0.3487  0.004000
epoch:4 0.3782  0.5889  0.4701  -1.0000  0.4073  -1.0000  0.4789  0.6908  0.6908  -1.0000  0.6908  -1.0000  0.2983  0.004000
epoch:5 0.4101  0.5962  0.5439  -1.0000  0.4448  -1.0000  0.4123  0.7457  0.7457  -1.0000  0.7457  -1.0000  0.2942  0.004000
epoch:6 0.4612  0.6354  0.6019  -1.0000  0.4663  -1.0000  0.4567  0.7594  0.7594  -1.0000  0.7594  -1.0000  0.2609  0.004000
epoch:7 0.4596  0.6641  0.6140  -1.0000  0.4602  -1.0000  0.4849  0.7207  0.7207  -1.0000  0.7207  -1.0000  0.2433  0.004000
epoch:8 0.4753  0.6280  0.6162  -1.0000  0.4796  -1.0000  0.4853  0.7846  0.7846  -1.0000  0.7846  -1.0000  0.2316  0.004000
epoch:9 0.5210  0.6695  0.6107  -1.0000  0.5235  -1.0000  0.5220  0.7975  0.7975  -1.0000  0.7975  -1.0000  0.2207  0.004000
epoch:10 0.4447  0.6057  0.5504  -1.0000  0.4475  -1.0000  0.4267  0.8079  0.8079  -1.0000  0.8079  -1.0000  0.2076  0.000400
epoch:11 0.4598  0.6283  0.5847  -1.0000  0.4613  -1.0000  0.4409  0.8001  0.8001  -1.0000  0.8001  -1.0000  0.1987  0.000400
epoch:12 0.4783  0.6176  0.5849  -1.0000  0.4796  -1.0000  0.3987  0.8150  0.8150  -1.0000  0.8150  -1.0000  0.1942  0.000400
epoch:13 0.4618  0.6148  0.5730  -1.0000  0.4629  -1.0000  0.4396  0.7962  0.7962  -1.0000  0.7962  -1.0000  0.1946  0.000400
epoch:14 0.4573  0.5984  0.5563  -1.0000  0.4582  -1.0000  0.3543  0.7985  0.7985  -1.0000  0.7985  -1.0000  0.1913  0.000400
epoch:15 0.4569  0.6129  0.5717  -1.0000  0.4574  -1.0000  0.4328  0.7801  0.7801  -1.0000  0.7801  -1.0000  0.1902  0.000400
epoch:16 0.4599  0.6279  0.5729  -1.0000  0.4619  -1.0000  0.3903  0.7891  0.7891  -1.0000  0.7891  -1.0000  0.1867  0.000400
epoch:17 0.4615  0.6127  0.5618  -1.0000  0.4622  -1.0000  0.3784  0.8060  0.8060  -1.0000  0.8060  -1.0000  0.1904  0.000400
epoch:18 0.4729  0.6259  0.5848  -1.0000  0.4729  -1.0000  0.4264  0.7862  0.7862  -1.0000  0.7862  -1.0000  0.1888  0.000400
epoch:19 0.4609  0.6154  0.5621  -1.0000  0.4610  -1.0000  0.4141  0.7985  0.7985  -1.0000  0.7985  -1.0000  0.1881  0.000400
epoch:20 0.4487  0.6036  0.5504  -1.0000  0.4528  -1.0000  0.3823  0.8001  0.8001  -1.0000  0.8001  -1.0000  0.1843  0.000040
epoch:21 0.4646  0.6126  0.5679  -1.0000  0.4656  -1.0000  0.4065  0.8001  0.8001  -1.0000  0.8001  -1.0000  0.1846  0.000040
epoch:22 0.4638  0.6166  0.5630  -1.0000  0.4638  -1.0000  0.3836  0.8063  0.8063  -1.0000  0.8063  -1.0000  0.1843  0.000040
epoch:23 0.4553  0.6147  0.5610  -1.0000  0.4560  -1.0000  0.4177  0.7924  0.7924  -1.0000  0.7924  -1.0000  0.1841  0.000040
epoch:24 0.4679  0.6212  0.5640  -1.0000  0.4699  -1.0000  0.3877  0.7959  0.7959  -1.0000  0.7959  -1.0000  0.1833  0.000040
epoch:25 0.4853  0.6415  0.5876  -1.0000  0.4862  -1.0000  0.4255  0.8111  0.8111  -1.0000  0.8111  -1.0000  0.1845  0.000040
epoch:26 0.4583  0.6154  0.5627  -1.0000  0.4590  -1.0000  0.3761  0.7940  0.7940  -1.0000  0.7940  -1.0000  0.1846  0.000040
epoch:27 0.4631  0.6191  0.5753  -1.0000  0.4638  -1.0000  0.3796  0.7991  0.7991  -1.0000  0.7991  -1.0000  0.1840  0.000040
epoch:28 0.4745  0.6284  0.5753  -1.0000  0.4752  -1.0000  0.4048  0.8034  0.8034  -1.0000  0.8034  -1.0000  0.1831  0.000040
epoch:29 0.5095  0.6747  0.6312  -1.0000  0.5118  -1.0000  0.4760  0.8037  0.8037  -1.0000  0.8037  -1.0000  0.1827  0.000040
epoch:30 0.4876  0.6446  0.6023  -1.0000  0.4887  -1.0000  0.4450  0.7894  0.7894  -1.0000  0.7894  -1.0000  0.1838  0.000004
epoch:31 0.4765  0.6391  0.5859  -1.0000  0.4779  -1.0000  0.3941  0.7894  0.7894  -1.0000  0.7894  -1.0000  0.1824  0.000004
epoch:32 0.5190  0.6922  0.6364  -1.0000  0.5213  -1.0000  0.4937  0.8004  0.8004  -1.0000  0.8004  -1.0000  0.1857  0.000004
epoch:33 0.4784  0.6373  0.5870  -1.0000  0.4784  -1.0000  0.4210  0.8001  0.8001  -1.0000  0.8001  -1.0000  0.1843  0.000004
epoch:34 0.4931  0.6564  0.6125  -1.0000  0.4938  -1.0000  0.4625  0.8021  0.8021  -1.0000  0.8021  -1.0000  0.1849  0.000004
epoch:35 0.4770  0.6444  0.5909  -1.0000  0.4771  -1.0000  0.3957  0.7911  0.7911  -1.0000  0.7911  -1.0000  0.1835  0.000004
epoch:36 0.4772  0.6266  0.5829  -1.0000  0.4772  -1.0000  0.4457  0.7969  0.7969  -1.0000  0.7969  -1.0000  0.1835  0.000004
epoch:37 0.5249  0.6929  0.6414  -1.0000  0.5256  -1.0000  0.4966  0.8001  0.8001  -1.0000  0.8001  -1.0000  0.1828  0.000004
epoch:38 0.4874  0.6467  0.6028  -1.0000  0.4892  -1.0000  0.4479  0.8037  0.8037  -1.0000  0.8037  -1.0000  0.1825  0.000004
epoch:39 0.5029  0.6645  0.6203  -1.0000  0.5054  -1.0000  0.4383  0.8053  0.8053  -1.0000  0.8053  -1.0000  0.1840  0.000004
epoch:40 0.4817  0.6471  0.5922  -1.0000  0.4820  -1.0000  0.3971  0.7924  0.7924  -1.0000  0.7924  -1.0000  0.1832  0.000000
epoch:41 0.4674  0.6238  0.5685  -1.0000  0.4682  -1.0000  0.3952  0.7985  0.7985  -1.0000  0.7985  -1.0000  0.1843  0.000000
epoch:42 0.4697  0.6362  0.5795  -1.0000  0.4711  -1.0000  0.4396  0.7985  0.7985  -1.0000  0.7985  -1.0000  0.1834  0.000000
epoch:43 0.4719  0.6302  0.5772  -1.0000  0.4721  -1.0000  0.4081  0.7985  0.7985  -1.0000  0.7985  -1.0000  0.1848  0.000000
epoch:44 0.4770  0.6355  0.5842  -1.0000  0.4782  -1.0000  0.3965  0.8047  0.8047  -1.0000  0.8047  -1.0000  0.1827  0.000000
epoch:45 0.4934  0.6578  0.6057  -1.0000  0.4941  -1.0000  0.4541  0.7972  0.7972  -1.0000  0.7972  -1.0000  0.1835  0.000000
epoch:46 0.4665  0.6340  0.5799  -1.0000  0.4676  -1.0000  0.3955  0.7878  0.7878  -1.0000  0.7878  -1.0000  0.1839  0.000000
epoch:47 0.4758  0.6331  0.5875  -1.0000  0.4766  -1.0000  0.3858  0.8037  0.8037  -1.0000  0.8037  -1.0000  0.1835  0.000000
