epoch:22 0.6408  0.8183  0.7859  0.5000  0.6456  -1.0000  0.5316  0.8104  0.8104  0.5000  0.8159  -1.0000  0.1896  0.000040
epoch:23 0.6518  0.8256  0.7907  0.4000  0.6577  -1.0000  0.5316  0.8106  0.8106  0.4000  0.8180  -1.0000  0.1897  0.000040
epoch:24 0.6494  0.8168  0.8069  0.4000  0.6553  -1.0000  0.5401  0.8151  0.8151  0.4000  0.8225  -1.0000  0.1875  0.000040
epoch:25 0.6429  0.8196  0.7874  0.5000  0.6478  -1.0000  0.5296  0.8128  0.8128  0.5000  0.8181  -1.0000  0.1879  0.000040
epoch:26 0.6465  0.8249  0.7886  0.4000  0.6523  -1.0000  0.5325  0.8130  0.8130  0.4000  0.8203  -1.0000  0.1882  0.000040
epoch:27 0.6530  0.8250  0.7927  0.5000  0.6578  -1.0000  0.5317  0.8148  0.8148  0.5000  0.8202  -1.0000  0.1892  0.000040
epoch:28 0.6508  0.8260  0.8161  0.4000  0.6568  -1.0000  0.5336  0.8108  0.8108  0.4000  0.8181  -1.0000  0.1908  0.000040
epoch:29 0.6459  0.8211  0.7854  0.5000  0.6508  -1.0000  0.5322  0.8148  0.8148  0.5000  0.8202  -1.0000  0.1867  0.000040
epoch:30 0.6461  0.8269  0.7948  0.5000  0.6509  -1.0000  0.5296  0.8086  0.8086  0.5000  0.8139  -1.0000  0.1873  0.000004
epoch:31 0.6481  0.8214  0.7890  0.5000  0.6529  -1.0000  0.5693  0.8150  0.8150  0.5000  0.8203  -1.0000  0.1874  0.000004
epoch:32 0.6463  0.8275  0.7917  0.4000  0.6521  -1.0000  0.5476  0.8086  0.8086  0.4000  0.8159  -1.0000  0.1864  0.000004
epoch:33 0.6536  0.8295  0.8196  0.5000  0.6587  -1.0000  0.5559  0.8150  0.8150  0.5000  0.8203  -1.0000  0.1853  0.000004
epoch:34 0.6442  0.8297  0.7941  0.5000  0.6492  -1.0000  0.5616  0.8044  0.8044  0.5000  0.8096  -1.0000  0.1879  0.000004
epoch:35 0.6347  0.8174  0.7829  0.5000  0.6393  -1.0000  0.5297  0.8066  0.8066  0.5000  0.8118  -1.0000  0.1872  0.000004
epoch:36 0.6406  0.8240  0.7917  0.5000  0.6453  -1.0000  0.5476  0.8046  0.8046  0.5000  0.8097  -1.0000  0.1869  0.000004
epoch:37 0.6483  0.8300  0.7979  0.5000  0.6530  -1.0000  0.5296  0.8088  0.8088  0.5000  0.8139  -1.0000  0.1875  0.000004
epoch:38 0.6485  0.8240  0.8141  0.5000  0.6536  -1.0000  0.5539  0.8130  0.8130  0.5000  0.8182  -1.0000  0.1878  0.000004
epoch:39 0.6484  0.8308  0.7975  0.5000  0.6533  -1.0000  0.5650  0.8066  0.8066  0.5000  0.8118  -1.0000  0.1864  0.000004
epoch:40 0.6504  0.8280  0.7959  0.5000  0.6553  -1.0000  0.5490  0.8126  0.8126  0.5000  0.8180  -1.0000  0.1878  0.000000
epoch:41 0.6441  0.8263  0.7931  0.4000  0.6502  -1.0000  0.5676  0.8086  0.8086  0.4000  0.8159  -1.0000  0.1860  0.000000
epoch:42 0.6389  0.8140  0.7815  0.5000  0.6437  -1.0000  0.5339  0.8088  0.8088  0.5000  0.8139  -1.0000  0.1880  0.000000
epoch:43 0.6476  0.8334  0.7977  0.5000  0.6523  -1.0000  0.5637  0.8068  0.8068  0.5000  0.8119  -1.0000  0.1855  0.000000
epoch:44 0.6438  0.8196  0.7874  0.5000  0.6485  -1.0000  0.5695  0.8070  0.8070  0.5000  0.8120  -1.0000  0.1865  0.000000
epoch:45 0.6452  0.8281  0.7918  0.5000  0.6503  -1.0000  0.5677  0.8086  0.8086  0.5000  0.8139  -1.0000  0.1857  0.000000
epoch:46 0.6345  0.8195  0.7871  0.5000  0.6392  -1.0000  0.5833  0.8048  0.8048  0.5000  0.8098  -1.0000  0.1873  0.000000
epoch:47 0.6377  0.8207  0.7892  0.5000  0.6424  -1.0000  0.5476  0.8044  0.8044  0.5000  0.8096  -1.0000  0.1896  0.000000
epoch:48 0.6488  0.8273  0.7935  0.5000  0.6540  -1.0000  0.5697  0.8150  0.8150  0.5000  0.8203  -1.0000  0.1876  0.000000
epoch:49 0.6356  0.8119  0.7775  0.4000  0.6414  -1.0000  0.5325  0.8048  0.8048  0.4000  0.8119  -1.0000  0.1871  0.000000
