epoch:0 0.2201  0.4870  0.1019  0.0000  0.2230  -1.0000  0.2344  0.4290  0.4290  0.0000  0.4380  -1.0000  1.1587  0.004000
epoch:1 0.3942  0.5985  0.4202  0.0000  0.3988  -1.0000  0.3930  0.6594  0.6594  0.0000  0.6716  -1.0000  0.4086  0.004000
epoch:2 0.4683  0.6793  0.6150  0.0000  0.4747  -1.0000  0.4622  0.6874  0.6874  0.0000  0.7007  -1.0000  0.3122  0.004000
epoch:3 0.4704  0.6983  0.6630  0.0000  0.4770  -1.0000  0.4603  0.6850  0.6850  0.0000  0.6985  -1.0000  0.2762  0.004000
epoch:4 0.5443  0.7183  0.6776  0.0000  0.5605  -1.0000  0.4424  0.7503  0.7503  0.0000  0.7648  -1.0000  0.2639  0.004000
epoch:5 0.5221  0.7015  0.6784  0.0000  0.5302  -1.0000  0.5076  0.7435  0.7435  0.0000  0.7581  -1.0000  0.2522  0.004000
epoch:6 0.5224  0.7230  0.6667  0.0000  0.5306  -1.0000  0.4924  0.7297  0.7297  0.0000  0.7436  -1.0000  0.2382  0.004000
epoch:7 0.5746  0.7394  0.7042  0.0000  0.5831  -1.0000  0.5261  0.7877  0.7877  0.0000  0.8030  -1.0000  0.2235  0.004000
epoch:8 0.5905  0.7772  0.6955  0.0000  0.6011  -1.0000  0.5390  0.7856  0.7856  0.0000  0.8008  -1.0000  0.2099  0.004000
epoch:9 0.6325  0.7914  0.7542  0.0000  0.6431  -1.0000  0.5600  0.8084  0.8084  0.0000  0.8242  -1.0000  0.1970  0.004000
epoch:10 0.6445  0.8077  0.7615  0.0000  0.6556  -1.0000  0.5839  0.8170  0.8170  0.0000  0.8328  -1.0000  0.1771  0.000400
epoch:11 0.6781  0.8402  0.7916  0.7000  0.6816  -1.0000  0.6042  0.8362  0.8362  0.7000  0.8376  -1.0000  0.1688  0.000400
epoch:12 0.6734  0.8509  0.7629  0.7000  0.6767  -1.0000  0.5891  0.8253  0.8253  0.7000  0.8267  -1.0000  0.1709  0.000400
epoch:13 0.6840  0.8427  0.8011  0.0000  0.6948  -1.0000  0.5861  0.8255  0.8255  0.0000  0.8414  -1.0000  0.1667  0.000400
epoch:14 0.6785  0.8688  0.7790  0.7000  0.6816  -1.0000  0.5681  0.8157  0.8157  0.7000  0.8165  -1.0000  0.1676  0.000400
epoch:15 0.6861  0.8496  0.8057  0.0000  0.6976  -1.0000  0.5621  0.8130  0.8130  0.0000  0.8286  -1.0000  0.1671  0.000400
epoch:16 0.6946  0.8637  0.8214  0.7000  0.7026  -1.0000  0.5971  0.8310  0.8310  0.7000  0.8328  -1.0000  0.1642  0.000400
epoch:17 0.6820  0.8587  0.7712  0.0000  0.6952  -1.0000  0.5560  0.8130  0.8130  0.0000  0.8286  -1.0000  0.1608  0.000400
epoch:18 0.6856  0.8591  0.8156  0.0000  0.6964  -1.0000  0.5911  0.8110  0.8110  0.0000  0.8265  -1.0000  0.1589  0.000400
epoch:19 0.7053  0.8779  0.8349  0.7000  0.7111  -1.0000  0.5581  0.8357  0.8357  0.7000  0.8373  -1.0000  0.1571  0.000400
epoch:20 0.6937  0.8681  0.8233  0.7000  0.6974  -1.0000  0.5694  0.8290  0.8290  0.7000  0.8307  -1.0000  0.1568  0.000040
epoch:21 0.6953  0.8692  0.8277  0.6000  0.7008  -1.0000  0.5739  0.8293  0.8293  0.6000  0.8330  -1.0000  0.1548  0.000040
epoch:22 0.6953  0.8681  0.8215  0.7000  0.7038  -1.0000  0.5582  0.8351  0.8351  0.7000  0.8370  -1.0000  0.1527  0.000040
epoch:23 0.6901  0.8656  0.8174  0.0000  0.7006  -1.0000  0.5672  0.8064  0.8064  0.0000  0.8221  -1.0000  0.1528  0.000040
epoch:24 0.6810  0.8618  0.7722  0.7000  0.6845  -1.0000  0.5676  0.8228  0.8228  0.7000  0.8244  -1.0000  0.1517  0.000040
epoch:25 0.6977  0.8662  0.8199  0.0000  0.7081  -1.0000  0.5757  0.8193  0.8193  0.0000  0.8351  -1.0000  0.1531  0.000040
epoch:26 0.7000  0.8712  0.8270  0.7000  0.7046  -1.0000  0.5761  0.8295  0.8295  0.7000  0.8310  -1.0000  0.1525  0.000040
epoch:27 0.6930  0.8738  0.8299  0.6000  0.6975  -1.0000  0.5538  0.8270  0.8270  0.6000  0.8307  -1.0000  0.1524  0.000040
epoch:28 0.7035  0.8791  0.8359  0.7000  0.7095  -1.0000  0.5579  0.8293  0.8293  0.7000  0.8309  -1.0000  0.1516  0.000040
epoch:29 0.7023  0.8756  0.8316  0.7000  0.7064  -1.0000  0.5383  0.8315  0.8315  0.7000  0.8331  -1.0000  0.1504  0.000040
epoch:30 0.6937  0.8740  0.7909  0.0000  0.7078  -1.0000  0.5340  0.8131  0.8131  0.0000  0.8287  -1.0000  0.1526  0.000004
epoch:31 0.6831  0.8701  0.8285  0.0000  0.6932  -1.0000  0.5300  0.8068  0.8068  0.0000  0.8223  -1.0000  0.1513  0.000004
epoch:32 0.7001  0.8796  0.8356  0.6000  0.7044  -1.0000  0.5363  0.8273  0.8273  0.6000  0.8309  -1.0000  0.1516  0.000004
epoch:33 0.6872  0.8664  0.8236  0.0000  0.6973  -1.0000  0.5322  0.8093  0.8093  0.0000  0.8246  -1.0000  0.1493  0.000004
epoch:34 0.6978  0.8730  0.8270  0.0000  0.7089  -1.0000  0.5362  0.8153  0.8153  0.0000  0.8309  -1.0000  0.1501  0.000004
epoch:35 0.7078  0.8862  0.8440  0.7000  0.7141  -1.0000  0.5360  0.8288  0.8288  0.7000  0.8306  -1.0000  0.1503  0.000004
epoch:36 0.6952  0.8694  0.8240  0.0000  0.7055  -1.0000  0.5363  0.8173  0.8173  0.0000  0.8330  -1.0000  0.1525  0.000004
epoch:37 0.6939  0.8691  0.8256  0.0000  0.7043  -1.0000  0.5343  0.8133  0.8133  0.0000  0.8288  -1.0000  0.1507  0.000004
epoch:38 0.7067  0.8812  0.8356  0.7000  0.7113  -1.0000  0.5603  0.8333  0.8333  0.7000  0.8351  -1.0000  0.1520  0.000004
epoch:39 0.6979  0.8660  0.8215  0.0000  0.7085  -1.0000  0.5803  0.8218  0.8218  0.0000  0.8374  -1.0000  0.1508  0.000004
epoch:40 0.6978  0.8834  0.8403  0.7000  0.7038  -1.0000  0.5472  0.8206  0.8206  0.7000  0.8222  -1.0000  0.1517  0.000000
epoch:41 0.6994  0.8823  0.8383  0.7000  0.7051  -1.0000  0.5559  0.8293  0.8293  0.7000  0.8309  -1.0000  0.1498  0.000000
epoch:42 0.7006  0.8802  0.8370  0.7000  0.7067  -1.0000  0.5342  0.8271  0.8271  0.7000  0.8287  -1.0000  0.1519  0.000000
epoch:43 0.7017  0.8780  0.8347  0.8000  0.7115  -1.0000  0.5342  0.8335  0.8335  0.8000  0.8331  -1.0000  0.1516  0.000000
epoch:44 0.6919  0.8694  0.8259  0.0000  0.7021  -1.0000  0.5739  0.8111  0.8111  0.0000  0.8266  -1.0000  0.1511  0.000000
epoch:45 0.7048  0.8775  0.8335  0.7000  0.7085  -1.0000  0.5383  0.8335  0.8335  0.7000  0.8351  -1.0000  0.1506  0.000000
epoch:46 0.7044  0.8736  0.8285  0.0000  0.7149  -1.0000  0.5621  0.8237  0.8237  0.0000  0.8394  -1.0000  0.1493  0.000000
epoch:47 0.6995  0.8825  0.8386  0.7000  0.7029  -1.0000  0.5496  0.8273  0.8273  0.7000  0.8288  -1.0000  0.1515  0.000000
epoch:48 0.6887  0.8703  0.8259  0.0000  0.6992  -1.0000  0.5318  0.8106  0.8106  0.0000  0.8264  -1.0000  0.1507  0.000000
epoch:49 0.6997  0.8788  0.8338  0.7000  0.7033  -1.0000  0.5579  0.8313  0.8313  0.7000  0.8330  -1.0000  0.1505  0.000000
