epoch:3 0.4824  0.6619  0.6104  0.0000  0.4886  -1.0000  0.4157  0.7230  0.7230  0.0000  0.7370  -1.0000  0.3082  0.004000
epoch:4 0.5492  0.7476  0.6883  0.0000  0.5579  -1.0000  0.5286  0.7422  0.7422  0.0000  0.7563  -1.0000  0.2729  0.004000
epoch:5 0.5912  0.7940  0.7940  0.7000  0.5956  -1.0000  0.5578  0.7700  0.7700  0.7000  0.7708  -1.0000  0.2482  0.004000
epoch:6 0.5464  0.7468  0.7110  0.8000  0.5484  -1.0000  0.5331  0.7733  0.7733  0.8000  0.7726  -1.0000  0.2254  0.004000
epoch:7 0.6144  0.7917  0.7917  0.0000  0.6240  -1.0000  0.5863  0.7876  0.7876  0.0000  0.8029  -1.0000  0.2194  0.004000
epoch:8 0.6143  0.7938  0.7680  0.0000  0.6237  -1.0000  0.5303  0.7812  0.7812  0.0000  0.7965  -1.0000  0.2047  0.004000
epoch:9 0.6121  0.8083  0.7742  0.8000  0.6142  -1.0000  0.5719  0.7907  0.7907  0.8000  0.7899  -1.0000  0.2062  0.004000
epoch:10 0.6317  0.8011  0.7212  0.8000  0.6342  -1.0000  0.5456  0.8230  0.8230  0.8000  0.8224  -1.0000  0.1847  0.000400
epoch:11 0.6419  0.8111  0.7754  0.8000  0.6447  -1.0000  0.6008  0.8244  0.8244  0.8000  0.8242  -1.0000  0.1777  0.000400
epoch:12 0.6446  0.8140  0.7778  0.8000  0.6474  -1.0000  0.5494  0.8201  0.8201  0.8000  0.8198  -1.0000  0.1783  0.000400
epoch:13 0.6447  0.8256  0.7889  0.8000  0.6474  -1.0000  0.5770  0.8124  0.8124  0.8000  0.8117  -1.0000  0.1767  0.000400
epoch:14 0.6623  0.8257  0.7872  0.8000  0.6667  -1.0000  0.5516  0.8250  0.8250  0.8000  0.8245  -1.0000  0.1724  0.000400
epoch:15 0.6604  0.8265  0.7887  0.0000  0.6712  -1.0000  0.5517  0.8088  0.8088  0.0000  0.8244  -1.0000  0.1735  0.000400
epoch:16 0.6645  0.8315  0.7966  0.8000  0.6696  -1.0000  0.6048  0.8286  0.8286  0.8000  0.8284  -1.0000  0.1719  0.000400
epoch:17 0.6608  0.8364  0.7982  0.8000  0.6642  -1.0000  0.5763  0.8117  0.8117  0.8000  0.8113  -1.0000  0.1717  0.000400
epoch:18 0.6744  0.8416  0.8046  0.8000  0.6775  -1.0000  0.5741  0.8313  0.8313  0.8000  0.8309  -1.0000  0.1678  0.000400
epoch:19 0.6628  0.8291  0.7888  0.8000  0.6656  -1.0000  0.5557  0.8270  0.8270  0.8000  0.8265  -1.0000  0.1670  0.000400
epoch:20 0.6573  0.8261  0.7883  0.8000  0.6602  -1.0000  0.5534  0.8246  0.8246  0.8000  0.8243  -1.0000  0.1630  0.000040
epoch:21 0.6690  0.8353  0.7967  0.8000  0.6723  -1.0000  0.5619  0.8330  0.8330  0.8000  0.8328  -1.0000  0.1639  0.000040
epoch:22 0.6646  0.8334  0.7955  0.8000  0.6676  -1.0000  0.5536  0.8246  0.8246  0.8000  0.8243  -1.0000  0.1639  0.000040
epoch:23 0.6593  0.8343  0.7961  0.8000  0.6620  -1.0000  0.5670  0.8208  0.8208  0.8000  0.8202  -1.0000  0.1646  0.000040
epoch:24 0.6591  0.8297  0.7913  0.8000  0.6618  -1.0000  0.5536  0.8246  0.8246  0.8000  0.8243  -1.0000  0.1639  0.000040
epoch:25 0.6798  0.8380  0.7965  0.8000  0.6834  -1.0000  0.5757  0.8350  0.8350  0.8000  0.8349  -1.0000  0.1622  0.000040
epoch:26 0.6770  0.8383  0.8017  0.8000  0.6804  -1.0000  0.5910  0.8308  0.8308  0.8000  0.8306  -1.0000  0.1650  0.000040
epoch:27 0.6691  0.8365  0.7980  0.8000  0.6720  -1.0000  0.5891  0.8286  0.8286  0.8000  0.8284  -1.0000  0.1633  0.000040
epoch:28 0.6682  0.8404  0.8039  0.8000  0.6716  -1.0000  0.5690  0.8210  0.8210  0.8000  0.8203  -1.0000  0.1640  0.000040
epoch:29 0.6713  0.8373  0.7971  0.8000  0.6743  -1.0000  0.5737  0.8248  0.8248  0.8000  0.8244  -1.0000  0.1633  0.000040
epoch:30 0.6781  0.8471  0.8124  0.8000  0.6811  -1.0000  0.5870  0.8268  0.8268  0.8000  0.8264  -1.0000  0.1617  0.000004
epoch:31 0.6669  0.8367  0.7972  0.8000  0.6700  -1.0000  0.5534  0.8266  0.8266  0.8000  0.8264  -1.0000  0.1628  0.000004
epoch:32 0.6741  0.8433  0.8051  0.8000  0.6772  -1.0000  0.5910  0.8204  0.8204  0.8000  0.8200  -1.0000  0.1641  0.000004
epoch:33 0.6701  0.8373  0.7976  0.8000  0.6732  -1.0000  0.5728  0.8244  0.8244  0.8000  0.8242  -1.0000  0.1641  0.000004
epoch:34 0.6693  0.8411  0.8045  0.8000  0.6722  -1.0000  0.5733  0.8271  0.8271  0.8000  0.8266  -1.0000  0.1627  0.000004
epoch:35 0.6621  0.8300  0.7903  0.0000  0.6722  -1.0000  0.5537  0.8110  0.8110  0.0000  0.8265  -1.0000  0.1632  0.000004
epoch:36 0.6728  0.8388  0.7990  0.8000  0.6758  -1.0000  0.5577  0.8268  0.8268  0.8000  0.8264  -1.0000  0.1618  0.000004
epoch:37 0.6722  0.8326  0.7949  0.8000  0.6754  -1.0000  0.5771  0.8331  0.8331  0.8000  0.8329  -1.0000  0.1649  0.000004
epoch:38 0.6822  0.8409  0.8027  0.8000  0.6857  -1.0000  0.5730  0.8330  0.8330  0.8000  0.8328  -1.0000  0.1618  0.000004
epoch:39 0.6768  0.8448  0.8114  0.8000  0.6804  -1.0000  0.6051  0.8313  0.8313  0.8000  0.8309  -1.0000  0.1634  0.000004
epoch:40 0.6655  0.8403  0.8054  0.8000  0.6686  -1.0000  0.5556  0.8226  0.8226  0.8000  0.8222  -1.0000  0.1630  0.000000
epoch:41 0.6704  0.8418  0.8072  0.9000  0.6731  -1.0000  0.5893  0.8273  0.8273  0.9000  0.8246  -1.0000  0.1642  0.000000
epoch:42 0.6588  0.8304  0.7908  0.8000  0.6616  -1.0000  0.5559  0.8226  0.8226  0.8000  0.8222  -1.0000  0.1620  0.000000
epoch:43 0.6733  0.8384  0.7980  0.8000  0.6765  -1.0000  0.5870  0.8270  0.8270  0.8000  0.8265  -1.0000  0.1626  0.000000
epoch:44 0.6656  0.8364  0.7983  0.9000  0.6702  -1.0000  0.5871  0.8330  0.8330  0.9000  0.8307  -1.0000  0.1630  0.000000
epoch:45 0.6610  0.8306  0.7962  0.8000  0.6640  -1.0000  0.5516  0.8204  0.8204  0.8000  0.8200  -1.0000  0.1643  0.000000
epoch:46 0.6738  0.8388  0.7992  0.8000  0.6772  -1.0000  0.5750  0.8310  0.8310  0.8000  0.8307  -1.0000  0.1642  0.000000
epoch:47 0.6714  0.8325  0.7995  0.9000  0.6738  -1.0000  0.5771  0.8350  0.8350  0.9000  0.8328  -1.0000  0.1633  0.000000
epoch:48 0.6636  0.8343  0.7949  0.8000  0.6665  -1.0000  0.5514  0.8248  0.8248  0.8000  0.8244  -1.0000  0.1634  0.000000
epoch:49 0.6747  0.8432  0.8039  0.8000  0.6779  -1.0000  0.5870  0.8266  0.8266  0.8000  0.8264  -1.0000  0.1616  0.000000
