epoch:0 0.0662  0.2598  0.0086  0.0000  0.0680  -1.0000  0.0962  0.2182  0.2251  0.0000  0.2298  -1.0000  1.5404  0.004000
epoch:1 0.1385  0.3778  0.0331  0.0714  0.1414  -1.0000  0.1948  0.3772  0.3772  0.5000  0.3765  -1.0000  0.5520  0.004000
epoch:2 0.1237  0.2910  0.0474  0.2143  0.1252  -1.0000  0.1784  0.4247  0.4406  0.3000  0.4441  -1.0000  0.5012  0.004000
epoch:3 0.3174  0.4868  0.3954  0.5000  0.3185  -1.0000  0.3375  0.6680  0.6680  0.5000  0.6720  -1.0000  0.3694  0.004000
epoch:4 0.3844  0.5474  0.4979  0.6000  0.3941  -1.0000  0.4154  0.7186  0.7186  0.6000  0.7212  -1.0000  0.3019  0.004000
epoch:5 0.4021  0.5605  0.5145  0.8000  0.4094  -1.0000  0.5151  0.7387  0.7387  0.8000  0.7380  -1.0000  0.2953  0.004000
epoch:6 0.4176  0.5801  0.5801  0.6000  0.4289  -1.0000  0.4694  0.7302  0.7302  0.6000  0.7334  -1.0000  0.2733  0.004000
epoch:7 0.4142  0.5765  0.5492  0.5000  0.4254  -1.0000  0.4901  0.7580  0.7580  0.5000  0.7626  -1.0000  0.2590  0.004000
epoch:8 0.4415  0.5968  0.5613  0.7000  0.4505  -1.0000  0.5292  0.7387  0.7387  0.7000  0.7398  -1.0000  0.2461  0.004000
epoch:9 0.4354  0.6239  0.5737  0.6000  0.4493  -1.0000  0.4714  0.7198  0.7198  0.6000  0.7220  -1.0000  0.2394  0.004000
epoch:10 0.4621  0.6001  0.5885  0.7000  0.4723  -1.0000  0.5366  0.7548  0.7548  0.7000  0.7569  -1.0000  0.2215  0.000400
epoch:11 0.4938  0.6304  0.6191  0.7000  0.5108  -1.0000  0.5610  0.7907  0.7907  0.7000  0.7930  -1.0000  0.2142  0.000400
epoch:12 0.4537  0.5853  0.5737  0.7000  0.4662  -1.0000  0.5692  0.7779  0.7779  0.7000  0.7799  -1.0000  0.2121  0.000400
epoch:13 0.4594  0.6041  0.5925  0.7000  0.4701  -1.0000  0.5408  0.7706  0.7706  0.7000  0.7725  -1.0000  0.2102  0.000400
epoch:14 0.4908  0.6256  0.6140  0.7000  0.5075  -1.0000  0.5395  0.7809  0.7809  0.7000  0.7832  -1.0000  0.2067  0.000400
epoch:15 0.5050  0.6488  0.6372  0.7000  0.5218  -1.0000  0.5610  0.7821  0.7821  0.7000  0.7841  -1.0000  0.2071  0.000400
epoch:16 0.4995  0.6368  0.6252  0.7000  0.5164  -1.0000  0.5451  0.7830  0.7830  0.7000  0.7853  -1.0000  0.2045  0.000400
epoch:17 0.4714  0.6092  0.5976  0.8000  0.4816  -1.0000  0.5167  0.7723  0.7723  0.8000  0.7725  -1.0000  0.2057  0.000400
epoch:18 0.4848  0.6196  0.6082  0.8000  0.5120  -1.0000  0.5554  0.7834  0.7834  0.8000  0.7838  -1.0000  0.2030  0.000400
epoch:19 0.5333  0.6730  0.6730  0.7000  0.5393  -1.0000  0.5572  0.7903  0.7903  0.7000  0.7927  -1.0000  0.2011  0.000400
epoch:20 0.5209  0.6568  0.6568  0.7000  0.5282  -1.0000  0.5434  0.7873  0.7873  0.7000  0.7894  -1.0000  0.2016  0.000040
epoch:21 0.5041  0.6420  0.6420  0.6000  0.5209  -1.0000  0.5361  0.7851  0.7851  0.6000  0.7891  -1.0000  0.2012  0.000040
epoch:22 0.5171  0.6507  0.6507  0.8000  0.5221  -1.0000  0.5554  0.7851  0.7851  0.8000  0.7856  -1.0000  0.2005  0.000040
epoch:23 0.5021  0.6321  0.6205  0.8000  0.5103  -1.0000  0.5434  0.7869  0.7869  0.8000  0.7874  -1.0000  0.1990  0.000040
epoch:24 0.5109  0.6458  0.6344  0.7000  0.5169  -1.0000  0.5455  0.7890  0.7890  0.7000  0.7912  -1.0000  0.1977  0.000040
epoch:25 0.5459  0.6842  0.6726  0.8000  0.5518  -1.0000  0.5568  0.7865  0.7865  0.8000  0.7871  -1.0000  0.1979  0.000040
epoch:26 0.5160  0.6605  0.6489  0.8000  0.5507  -1.0000  0.5416  0.7834  0.7834  0.8000  0.7838  -1.0000  0.1994  0.000040
epoch:27 0.4883  0.6180  0.6065  0.8000  0.4983  -1.0000  0.5240  0.7830  0.7830  0.8000  0.7835  -1.0000  0.1985  0.000040
epoch:28 0.5083  0.6432  0.6432  0.8000  0.5169  -1.0000  0.5455  0.7873  0.7873  0.8000  0.7876  -1.0000  0.1973  0.000040
epoch:29 0.5582  0.7021  0.7021  0.8000  0.5648  -1.0000  0.5395  0.7813  0.7813  0.8000  0.7817  -1.0000  0.1979  0.000040
epoch:30 0.5430  0.6839  0.6723  0.8000  0.5514  -1.0000  0.5416  0.7830  0.7830  0.8000  0.7835  -1.0000  0.1970  0.000004
epoch:31 0.4993  0.6361  0.6361  0.8000  0.5201  -1.0000  0.5378  0.7813  0.7813  0.8000  0.7817  -1.0000  0.1993  0.000004
epoch:32 0.5170  0.6536  0.6536  0.8000  0.5492  -1.0000  0.5361  0.7813  0.7813  0.8000  0.7817  -1.0000  0.1994  0.000004
epoch:33 0.5235  0.6633  0.6519  0.8000  0.5322  -1.0000  0.5455  0.7851  0.7851  0.8000  0.7856  -1.0000  0.1974  0.000004
epoch:34 0.5333  0.6694  0.6578  0.8000  0.5392  -1.0000  0.5451  0.7903  0.7903  0.8000  0.7909  -1.0000  0.1979  0.000004
epoch:35 0.5029  0.6385  0.6271  0.8000  0.5169  -1.0000  0.5472  0.7834  0.7834  0.8000  0.7838  -1.0000  0.1965  0.000004
epoch:36 0.5299  0.6705  0.6589  0.8000  0.5360  -1.0000  0.5533  0.7826  0.7826  0.8000  0.7832  -1.0000  0.2000  0.000004
epoch:37 0.4926  0.6324  0.6324  0.7000  0.5075  -1.0000  0.5378  0.7761  0.7761  0.7000  0.7782  -1.0000  0.1976  0.000004
epoch:38 0.5080  0.6426  0.6426  0.8000  0.5301  -1.0000  0.5395  0.7830  0.7830  0.8000  0.7835  -1.0000  0.1973  0.000004
epoch:39 0.5249  0.6648  0.6532  0.8000  0.5335  -1.0000  0.5438  0.7817  0.7817  0.8000  0.7820  -1.0000  0.1972  0.000004
epoch:40 0.5336  0.6758  0.6758  0.8000  0.5667  -1.0000  0.5378  0.7813  0.7813  0.8000  0.7817  -1.0000  0.1978  0.000000
epoch:41 0.5349  0.6756  0.6756  0.7000  0.5434  -1.0000  0.5395  0.7813  0.7813  0.7000  0.7835  -1.0000  0.1975  0.000000
epoch:42 0.5217  0.6557  0.6557  0.8000  0.5542  -1.0000  0.5395  0.7903  0.7903  0.8000  0.7909  -1.0000  0.1989  0.000000
epoch:43 0.5336  0.6733  0.6617  0.8000  0.5401  -1.0000  0.5451  0.7847  0.7847  0.8000  0.7853  -1.0000  0.1990  0.000000
epoch:44 0.5274  0.6695  0.6579  0.8000  0.5328  -1.0000  0.5378  0.7792  0.7792  0.8000  0.7797  -1.0000  0.1963  0.000000
epoch:45 0.5197  0.6616  0.6500  0.8000  0.5520  -1.0000  0.5395  0.7757  0.7757  0.8000  0.7761  -1.0000  0.1987  0.000000
epoch:46 0.5542  0.7013  0.6898  0.8000  0.5606  -1.0000  0.5378  0.7813  0.7813  0.8000  0.7817  -1.0000  0.1965  0.000000
epoch:47 0.5272  0.6685  0.6570  0.8000  0.5593  -1.0000  0.5516  0.7813  0.7813  0.8000  0.7817  -1.0000  0.1957  0.000000
epoch:48 0.5356  0.6694  0.6694  0.8000  0.5420  -1.0000  0.5412  0.7882  0.7882  0.8000  0.7889  -1.0000  0.1958  0.000000
epoch:49 0.4945  0.6273  0.6157  0.8000  0.5108  -1.0000  0.5395  0.7796  0.7796  0.8000  0.7799  -1.0000  0.1991  0.000000
