epoch:22 0.6970  0.8183  0.8082  0.3000  0.7047  -1.0000  0.5630  0.8463  0.8463  0.3000  0.8564  -1.0000  0.1896  0.000040
epoch:23 0.6984  0.8256  0.8157  0.3000  0.7063  -1.0000  0.5628  0.8505  0.8505  0.3000  0.8607  -1.0000  0.1897  0.000040
epoch:24 0.6912  0.8168  0.8069  0.3000  0.6991  -1.0000  0.5628  0.8462  0.8462  0.3000  0.8563  -1.0000  0.1875  0.000040
epoch:25 0.6967  0.8196  0.8097  0.3000  0.7045  -1.0000  0.5650  0.8462  0.8462  0.3000  0.8563  -1.0000  0.1879  0.000040
epoch:26 0.6998  0.8249  0.8150  0.3000  0.7077  -1.0000  0.5612  0.8483  0.8483  0.3000  0.8585  -1.0000  0.1882  0.000040
epoch:27 0.6984  0.8250  0.8151  0.3000  0.7063  -1.0000  0.5584  0.8418  0.8418  0.3000  0.8520  -1.0000  0.1892  0.000040
epoch:28 0.7056  0.8260  0.8161  0.3000  0.7133  -1.0000  0.5695  0.8529  0.8529  0.3000  0.8630  -1.0000  0.1908  0.000040
epoch:29 0.6951  0.8211  0.8112  0.3000  0.7029  -1.0000  0.5636  0.8485  0.8485  0.3000  0.8586  -1.0000  0.1867  0.000040
epoch:30 0.7023  0.8269  0.8170  0.3000  0.7101  -1.0000  0.5671  0.8483  0.8483  0.3000  0.8585  -1.0000  0.1873  0.000004
epoch:31 0.6992  0.8214  0.8115  0.3000  0.7072  -1.0000  0.6043  0.8523  0.8523  0.3000  0.8627  -1.0000  0.1874  0.000004
epoch:32 0.7020  0.8275  0.8176  0.2000  0.7108  -1.0000  0.5831  0.8487  0.8487  0.2000  0.8608  -1.0000  0.1864  0.000004
epoch:33 0.7010  0.8295  0.8196  0.3000  0.7091  -1.0000  0.5810  0.8485  0.8485  0.3000  0.8586  -1.0000  0.1853  0.000004
epoch:34 0.7036  0.8297  0.8198  0.3000  0.7119  -1.0000  0.6010  0.8505  0.8505  0.3000  0.8607  -1.0000  0.1879  0.000004
epoch:35 0.6906  0.8174  0.8075  0.3000  0.6985  -1.0000  0.5650  0.8483  0.8483  0.3000  0.8585  -1.0000  0.1872  0.000004
epoch:36 0.6958  0.8240  0.8141  0.3000  0.7037  -1.0000  0.5808  0.8462  0.8462  0.3000  0.8563  -1.0000  0.1869  0.000004
epoch:37 0.7027  0.8300  0.8201  0.3000  0.7104  -1.0000  0.5608  0.8463  0.8463  0.3000  0.8564  -1.0000  0.1875  0.000004
epoch:38 0.6955  0.8240  0.8141  0.3000  0.7036  -1.0000  0.5810  0.8463  0.8463  0.3000  0.8564  -1.0000  0.1878  0.000004
epoch:39 0.6989  0.8308  0.8209  0.3000  0.7067  -1.0000  0.6005  0.8463  0.8463  0.3000  0.8564  -1.0000  0.1864  0.000004
epoch:40 0.7019  0.8280  0.8181  0.3000  0.7096  -1.0000  0.5825  0.8485  0.8485  0.3000  0.8586  -1.0000  0.1878  0.000000
epoch:41 0.6970  0.8263  0.8164  0.3000  0.7051  -1.0000  0.5990  0.8463  0.8463  0.3000  0.8564  -1.0000  0.1860  0.000000
epoch:42 0.6851  0.8140  0.8041  0.3000  0.6928  -1.0000  0.5608  0.8443  0.8443  0.3000  0.8543  -1.0000  0.1880  0.000000
epoch:43 0.7045  0.8334  0.8235  0.3000  0.7123  -1.0000  0.5990  0.8463  0.8463  0.3000  0.8564  -1.0000  0.1855  0.000000
epoch:44 0.6899  0.8196  0.8097  0.4000  0.6966  -1.0000  0.6005  0.8463  0.8463  0.4000  0.8543  -1.0000  0.1865  0.000000
epoch:45 0.6991  0.8281  0.8182  0.3000  0.7074  -1.0000  0.6010  0.8483  0.8483  0.3000  0.8585  -1.0000  0.1857  0.000000
epoch:46 0.6909  0.8195  0.8096  0.3000  0.6987  -1.0000  0.6207  0.8485  0.8485  0.3000  0.8586  -1.0000  0.1873  0.000000
epoch:47 0.6912  0.8207  0.8108  0.3000  0.6989  -1.0000  0.5788  0.8442  0.8442  0.3000  0.8543  -1.0000  0.1896  0.000000
epoch:48 0.7008  0.8273  0.8174  0.4000  0.7080  -1.0000  0.5966  0.8460  0.8460  0.4000  0.8542  -1.0000  0.1876  0.000000
epoch:49 0.6863  0.8119  0.8018  0.3000  0.6940  -1.0000  0.5636  0.8507  0.8507  0.3000  0.8608  -1.0000  0.1871  0.000000
