epoch:0 0.1598  0.3120  0.1705  0.1361  0.1628  -1.0000  0.2137  0.5268  0.5556  0.6000  0.5556  -1.0000  1.5404  0.004000
epoch:1 0.2918  0.4027  0.3481  0.7024  0.2908  -1.0000  0.4052  0.7190  0.7241  0.8000  0.7232  -1.0000  0.5520  0.004000
epoch:2 0.1976  0.3333  0.2248  0.7000  0.1963  -1.0000  0.2702  0.6554  0.6765  0.7000  0.6766  -1.0000  0.5012  0.004000
epoch:3 0.3824  0.4871  0.4868  0.7000  0.3837  -1.0000  0.3855  0.7855  0.7855  0.7000  0.7876  -1.0000  0.3694  0.004000
epoch:4 0.4384  0.5474  0.5472  0.8000  0.4368  -1.0000  0.4565  0.7971  0.7971  0.8000  0.7974  -1.0000  0.3019  0.004000
epoch:5 0.4567  0.5605  0.5454  0.8000  0.4541  -1.0000  0.5503  0.8168  0.8168  0.8000  0.8176  -1.0000  0.2953  0.004000
epoch:6 0.4774  0.5801  0.5801  0.8000  0.4758  -1.0000  0.5306  0.8088  0.8088  0.8000  0.8096  -1.0000  0.2733  0.004000
epoch:7 0.4618  0.5765  0.5765  0.8000  0.4597  -1.0000  0.5167  0.8074  0.8074  0.8000  0.8081  -1.0000  0.2590  0.004000
epoch:8 0.4909  0.5968  0.5941  0.8000  0.4878  -1.0000  0.5622  0.8078  0.8078  0.8000  0.8084  -1.0000  0.2461  0.004000
epoch:9 0.4926  0.6239  0.6239  0.8000  0.4881  -1.0000  0.5280  0.7975  0.7975  0.8000  0.7977  -1.0000  0.2394  0.004000
epoch:10 0.4949  0.6001  0.6001  0.8000  0.4926  -1.0000  0.5691  0.8092  0.8092  0.8000  0.8099  -1.0000  0.2215  0.000400
epoch:11 0.5244  0.6304  0.6304  0.8000  0.5205  -1.0000  0.5867  0.8203  0.8203  0.8000  0.8212  -1.0000  0.2142  0.000400
epoch:12 0.4876  0.5853  0.5853  0.8000  0.4857  -1.0000  0.5988  0.8220  0.8220  0.8000  0.8229  -1.0000  0.2121  0.000400
epoch:13 0.5005  0.6041  0.6041  0.8000  0.4973  -1.0000  0.5794  0.8147  0.8147  0.8000  0.8155  -1.0000  0.2102  0.000400
epoch:14 0.5158  0.6256  0.6256  0.8000  0.5121  -1.0000  0.5639  0.8147  0.8147  0.8000  0.8155  -1.0000  0.2067  0.000400
epoch:15 0.5435  0.6488  0.6488  0.8000  0.5399  -1.0000  0.5906  0.8220  0.8220  0.8000  0.8229  -1.0000  0.2071  0.000400
epoch:16 0.5287  0.6368  0.6368  0.8000  0.5254  -1.0000  0.5674  0.8164  0.8164  0.8000  0.8173  -1.0000  0.2045  0.000400
epoch:17 0.5069  0.6092  0.6092  0.8000  0.5039  -1.0000  0.5557  0.8203  0.8203  0.8000  0.8212  -1.0000  0.2057  0.000400
epoch:18 0.5134  0.6196  0.6196  0.8000  0.5106  -1.0000  0.5850  0.8220  0.8220  0.8000  0.8229  -1.0000  0.2030  0.000400
epoch:19 0.5656  0.6730  0.6730  0.8000  0.5631  -1.0000  0.5846  0.8255  0.8255  0.8000  0.8265  -1.0000  0.2011  0.000400
epoch:20 0.5515  0.6568  0.6568  0.8000  0.5491  -1.0000  0.5691  0.8255  0.8255  0.8000  0.8265  -1.0000  0.2016  0.000040
epoch:21 0.5396  0.6420  0.6420  0.8000  0.5372  -1.0000  0.5712  0.8276  0.8276  0.8000  0.8286  -1.0000  0.2012  0.000040
epoch:22 0.5463  0.6507  0.6507  0.8000  0.5435  -1.0000  0.5833  0.8241  0.8241  0.8000  0.8250  -1.0000  0.2005  0.000040
epoch:23 0.5266  0.6321  0.6321  0.8000  0.5235  -1.0000  0.5716  0.8207  0.8207  0.8000  0.8214  -1.0000  0.1990  0.000040
epoch:24 0.5371  0.6458  0.6458  0.8000  0.5340  -1.0000  0.5691  0.8199  0.8199  0.8000  0.8209  -1.0000  0.1977  0.000040
epoch:25 0.5774  0.6842  0.6842  0.8000  0.5750  -1.0000  0.5889  0.8276  0.8276  0.8000  0.8286  -1.0000  0.1979  0.000040
epoch:26 0.5453  0.6605  0.6605  0.8000  0.5426  -1.0000  0.5639  0.8130  0.8130  0.8000  0.8137  -1.0000  0.1994  0.000040
epoch:27 0.5172  0.6180  0.6180  0.8000  0.5141  -1.0000  0.5557  0.8199  0.8199  0.8000  0.8209  -1.0000  0.1985  0.000040
epoch:28 0.5339  0.6432  0.6432  0.8000  0.5313  -1.0000  0.5635  0.8164  0.8164  0.8000  0.8173  -1.0000  0.1973  0.000040
epoch:29 0.5888  0.7021  0.7021  0.8000  0.5862  -1.0000  0.5695  0.8241  0.8241  0.8000  0.8250  -1.0000  0.1979  0.000040
epoch:30 0.5649  0.6839  0.6839  0.8000  0.5624  -1.0000  0.5580  0.8070  0.8070  0.8000  0.8078  -1.0000  0.1970  0.000004
epoch:31 0.5308  0.6361  0.6361  0.8000  0.5284  -1.0000  0.5674  0.8220  0.8220  0.8000  0.8229  -1.0000  0.1993  0.000004
epoch:32 0.5459  0.6536  0.6536  0.8000  0.5430  -1.0000  0.5674  0.8220  0.8220  0.8000  0.8229  -1.0000  0.1994  0.000004
epoch:33 0.5504  0.6633  0.6633  0.8000  0.5480  -1.0000  0.5597  0.8122  0.8122  0.8000  0.8132  -1.0000  0.1974  0.000004
epoch:34 0.5600  0.6694  0.6694  0.8000  0.5576  -1.0000  0.5751  0.8224  0.8224  0.8000  0.8232  -1.0000  0.1979  0.000004
epoch:35 0.5312  0.6385  0.6385  0.8000  0.5288  -1.0000  0.5653  0.8160  0.8160  0.8000  0.8170  -1.0000  0.1965  0.000004
epoch:36 0.5558  0.6705  0.6705  0.8000  0.5532  -1.0000  0.5794  0.8147  0.8147  0.8000  0.8155  -1.0000  0.2000  0.000004
epoch:37 0.5250  0.6324  0.6324  0.8000  0.5226  -1.0000  0.5635  0.8164  0.8164  0.8000  0.8173  -1.0000  0.1976  0.000004
epoch:38 0.5404  0.6426  0.6426  0.8000  0.5377  -1.0000  0.5712  0.8259  0.8259  0.8000  0.8268  -1.0000  0.1973  0.000004
epoch:39 0.5555  0.6648  0.6648  0.8000  0.5533  -1.0000  0.5653  0.8178  0.8178  0.8000  0.8188  -1.0000  0.1972  0.000004
epoch:40 0.5680  0.6758  0.6758  0.8000  0.5656  -1.0000  0.5674  0.8237  0.8237  0.8000  0.8247  -1.0000  0.1978  0.000000
epoch:41 0.5596  0.6756  0.6756  0.8000  0.5575  -1.0000  0.5618  0.8147  0.8147  0.8000  0.8155  -1.0000  0.1975  0.000000
epoch:42 0.5465  0.6557  0.6557  0.8000  0.5441  -1.0000  0.5695  0.8224  0.8224  0.8000  0.8232  -1.0000  0.1989  0.000000
epoch:43 0.5607  0.6733  0.6733  0.8000  0.5581  -1.0000  0.5618  0.8143  0.8143  0.8000  0.8152  -1.0000  0.1990  0.000000
epoch:44 0.5538  0.6695  0.6695  0.8000  0.5517  -1.0000  0.5653  0.8126  0.8126  0.8000  0.8135  -1.0000  0.1963  0.000000
epoch:45 0.5449  0.6616  0.6616  0.8000  0.5423  -1.0000  0.5618  0.8126  0.8126  0.8000  0.8135  -1.0000  0.1987  0.000000
epoch:46 0.5867  0.7013  0.7013  0.8000  0.5844  -1.0000  0.5695  0.8203  0.8203  0.8000  0.8212  -1.0000  0.1965  0.000000
epoch:47 0.5565  0.6685  0.6685  0.8000  0.5537  -1.0000  0.5833  0.8203  0.8203  0.8000  0.8212  -1.0000  0.1957  0.000000
epoch:48 0.5634  0.6694  0.6694  0.8000  0.5607  -1.0000  0.5716  0.8280  0.8280  0.8000  0.8288  -1.0000  0.1958  0.000000
epoch:49 0.5228  0.6273  0.6273  0.8000  0.5200  -1.0000  0.5656  0.8182  0.8182  0.8000  0.8191  -1.0000  0.1991  0.000000
