epoch:0 0.3726  0.4912  0.4652  0.0000  0.3771  -1.0000  0.3890  0.7550  0.7859  0.0000  0.8010  -1.0000  1.1133  0.004000
epoch:1 0.5523  0.6612  0.6483  0.0000  0.5592  -1.0000  0.4743  0.8151  0.8151  0.0000  0.8308  -1.0000  0.4118  0.004000
epoch:2 0.5320  0.6425  0.6425  0.0000  0.5395  -1.0000  0.4201  0.8071  0.8071  0.0000  0.8225  -1.0000  0.3033  0.004000
epoch:3 0.6154  0.7396  0.7396  0.0000  0.6247  -1.0000  0.5657  0.8211  0.8211  0.0000  0.8370  -1.0000  0.2681  0.004000
epoch:4 0.5962  0.7146  0.7146  0.0000  0.6046  -1.0000  0.6095  0.8215  0.8215  0.0000  0.8372  -1.0000  0.2563  0.004000
epoch:5 0.6052  0.7106  0.7106  0.0000  0.6141  -1.0000  0.5219  0.8360  0.8360  0.0000  0.8521  -1.0000  0.2289  0.004000
epoch:6 0.6089  0.7288  0.7191  0.1000  0.6164  -1.0000  0.5429  0.8358  0.8358  0.1000  0.8499  -1.0000  0.2300  0.004000
epoch:7 0.6286  0.7485  0.7485  0.0000  0.6381  -1.0000  0.5867  0.8317  0.8317  0.0000  0.8477  -1.0000  0.2207  0.004000
epoch:8 0.6690  0.7984  0.7887  0.2000  0.6773  -1.0000  0.6160  0.8440  0.8440  0.2000  0.8562  -1.0000  0.2152  0.004000
epoch:9 0.7100  0.8331  0.8234  0.2000  0.7182  -1.0000  0.6008  0.8505  0.8505  0.2000  0.8628  -1.0000  0.2041  0.004000
epoch:10 0.7033  0.8251  0.8154  0.4000  0.7103  -1.0000  0.6006  0.8543  0.8543  0.4000  0.8627  -1.0000  0.1727  0.000400
epoch:11 0.7085  0.8369  0.8270  0.3000  0.7169  -1.0000  0.6166  0.8523  0.8523  0.3000  0.8627  -1.0000  0.1693  0.000400
epoch:12 0.7103  0.8451  0.8352  0.3000  0.7184  -1.0000  0.6006  0.8460  0.8460  0.3000  0.8562  -1.0000  0.1664  0.000400
epoch:13 0.7070  0.8454  0.8355  0.2000  0.7164  -1.0000  0.5749  0.8398  0.8398  0.2000  0.8520  -1.0000  0.1675  0.000400
epoch:14 0.7185  0.8474  0.8377  0.2000  0.7280  -1.0000  0.5812  0.8527  0.8527  0.2000  0.8649  -1.0000  0.1651  0.000400
epoch:15 0.7136  0.8506  0.8409  0.2000  0.7230  -1.0000  0.5747  0.8418  0.8418  0.2000  0.8541  -1.0000  0.1621  0.000400
epoch:16 0.7072  0.8465  0.8368  0.2000  0.7165  -1.0000  0.5899  0.8375  0.8375  0.2000  0.8497  -1.0000  0.1607  0.000400
epoch:17 0.7330  0.8745  0.8599  0.5000  0.7375  -1.0000  0.6044  0.8458  0.8458  0.5000  0.8520  -1.0000  0.1575  0.000400
epoch:18 0.7267  0.8699  0.8600  0.3000  0.7352  -1.0000  0.6103  0.8438  0.8438  0.3000  0.8541  -1.0000  0.1552  0.000400
epoch:19 0.7157  0.8486  0.8385  0.2000  0.7243  -1.0000  0.6030  0.8505  0.8505  0.2000  0.8628  -1.0000  0.1533  0.000400
epoch:20 0.7295  0.8605  0.8499  0.4000  0.7364  -1.0000  0.5809  0.8542  0.8542  0.4000  0.8626  -1.0000  0.1501  0.000040
epoch:21 0.7397  0.8783  0.8631  0.4000  0.7454  -1.0000  0.6064  0.8500  0.8500  0.4000  0.8583  -1.0000  0.1487  0.000040
epoch:22 0.7289  0.8676  0.8564  0.4000  0.7354  -1.0000  0.5849  0.8480  0.8480  0.4000  0.8562  -1.0000  0.1472  0.000040
epoch:23 0.7342  0.8718  0.8615  0.4000  0.7415  -1.0000  0.6006  0.8500  0.8500  0.4000  0.8583  -1.0000  0.1470  0.000040
epoch:24 0.7365  0.8729  0.8630  0.2000  0.7459  -1.0000  0.5984  0.8460  0.8460  0.2000  0.8583  -1.0000  0.1465  0.000040
epoch:25 0.7279  0.8665  0.8566  0.2000  0.7372  -1.0000  0.6004  0.8480  0.8480  0.2000  0.8604  -1.0000  0.1466  0.000040
epoch:26 0.7317  0.8819  0.8672  0.5000  0.7362  -1.0000  0.6001  0.8415  0.8415  0.5000  0.8476  -1.0000  0.1465  0.000040
epoch:27 0.7303  0.8657  0.8547  0.4000  0.7369  -1.0000  0.6063  0.8498  0.8498  0.4000  0.8582  -1.0000  0.1485  0.000040
epoch:28 0.7262  0.8608  0.8506  0.2000  0.7354  -1.0000  0.6006  0.8482  0.8482  0.2000  0.8605  -1.0000  0.1486  0.000040
epoch:29 0.7430  0.8718  0.8612  0.3000  0.7514  -1.0000  0.6046  0.8542  0.8542  0.3000  0.8647  -1.0000  0.1479  0.000040
epoch:30 0.7325  0.8749  0.8641  0.2000  0.7418  -1.0000  0.5943  0.8418  0.8418  0.2000  0.8541  -1.0000  0.1440  0.000004
epoch:31 0.7202  0.8738  0.8597  0.2000  0.7291  -1.0000  0.5921  0.8357  0.8357  0.2000  0.8477  -1.0000  0.1426  0.000004
epoch:32 0.7339  0.8741  0.8588  0.4000  0.7401  -1.0000  0.6064  0.8500  0.8500  0.4000  0.8583  -1.0000  0.1452  0.000004
epoch:33 0.7330  0.8755  0.8636  0.3000  0.7408  -1.0000  0.5981  0.8417  0.8417  0.3000  0.8519  -1.0000  0.1433  0.000004
epoch:34 0.7297  0.8749  0.8646  0.2000  0.7388  -1.0000  0.5986  0.8462  0.8462  0.2000  0.8584  -1.0000  0.1454  0.000004
epoch:35 0.7376  0.8726  0.8618  0.2000  0.7468  -1.0000  0.5983  0.8480  0.8480  0.2000  0.8604  -1.0000  0.1441  0.000004
epoch:36 0.7413  0.8770  0.8629  0.4000  0.7476  -1.0000  0.6110  0.8545  0.8545  0.4000  0.8628  -1.0000  0.1437  0.000004
epoch:37 0.7271  0.8713  0.8600  0.2000  0.7359  -1.0000  0.6026  0.8442  0.8442  0.2000  0.8563  -1.0000  0.1455  0.000004
epoch:38 0.7323  0.8696  0.8597  0.2000  0.7416  -1.0000  0.6004  0.8460  0.8460  0.2000  0.8583  -1.0000  0.1455  0.000004
epoch:39 0.7269  0.8642  0.8541  0.2000  0.7361  -1.0000  0.6004  0.8458  0.8458  0.2000  0.8582  -1.0000  0.1460  0.000004
epoch:40 0.7309  0.8648  0.8551  0.1000  0.7410  -1.0000  0.6028  0.8505  0.8505  0.1000  0.8649  -1.0000  0.1473  0.000000
epoch:41 0.7280  0.8752  0.8627  0.2000  0.7371  -1.0000  0.5984  0.8420  0.8420  0.2000  0.8542  -1.0000  0.1463  0.000000
epoch:42 0.7362  0.8733  0.8586  0.2000  0.7451  -1.0000  0.6066  0.8502  0.8502  0.2000  0.8626  -1.0000  0.1436  0.000000
epoch:43 0.7373  0.8721  0.8580  0.4000  0.7434  -1.0000  0.6084  0.8542  0.8542  0.4000  0.8626  -1.0000  0.1434  0.000000
epoch:44 0.7385  0.8729  0.8626  0.3000  0.7468  -1.0000  0.6050  0.8545  0.8545  0.3000  0.8649  -1.0000  0.1447  0.000000
epoch:45 0.7281  0.8669  0.8566  0.2000  0.7373  -1.0000  0.5984  0.8482  0.8482  0.2000  0.8605  -1.0000  0.1449  0.000000
epoch:46 0.7370  0.8717  0.8616  0.2000  0.7464  -1.0000  0.6028  0.8503  0.8503  0.2000  0.8627  -1.0000  0.1468  0.000000
epoch:47 0.7353  0.8716  0.8611  0.2000  0.7445  -1.0000  0.6006  0.8482  0.8482  0.2000  0.8605  -1.0000  0.1440  0.000000
epoch:48 0.7370  0.8704  0.8605  0.3000  0.7454  -1.0000  0.6006  0.8523  0.8523  0.3000  0.8627  -1.0000  0.1442  0.000000
epoch:49 0.7360  0.8721  0.8617  0.2000  0.7454  -1.0000  0.6004  0.8502  0.8502  0.2000  0.8626  -1.0000  0.1480  0.000000
