epoch:0 0.0823  0.2122  0.0180  -1.0000  0.0830  -1.0000  0.1702  0.4755  0.4852  -1.0000  0.4852  -1.0000  1.5542  0.004000
epoch:1 0.3423  0.4581  0.4449  -1.0000  0.3423  -1.0000  0.3783  0.7765  0.7830  -1.0000  0.7830  -1.0000  0.5302  0.004000
epoch:2 0.3722  0.4901  0.4735  -1.0000  0.3726  -1.0000  0.3751  0.7875  0.7875  -1.0000  0.7875  -1.0000  0.4772  0.004000
epoch:3 0.4555  0.5910  0.5791  -1.0000  0.4556  -1.0000  0.4971  0.7894  0.7894  -1.0000  0.7894  -1.0000  0.3514  0.004000
epoch:4 0.4080  0.5727  0.5705  -1.0000  0.4080  -1.0000  0.3908  0.7416  0.7416  -1.0000  0.7416  -1.0000  0.2898  0.004000
epoch:5 0.4782  0.6046  0.5984  -1.0000  0.4782  -1.0000  0.4424  0.8254  0.8254  -1.0000  0.8254  -1.0000  0.2790  0.004000
epoch:6 0.5255  0.6522  0.6329  -1.0000  0.5258  -1.0000  0.5336  0.8296  0.8296  -1.0000  0.8296  -1.0000  0.2518  0.004000
epoch:7 0.4762  0.6070  0.5773  -1.0000  0.4762  -1.0000  0.5427  0.8170  0.8170  -1.0000  0.8170  -1.0000  0.2527  0.004000
epoch:8 0.5549  0.6648  0.6495  -1.0000  0.5549  -1.0000  0.6056  0.8455  0.8455  -1.0000  0.8455  -1.0000  0.2351  0.004000
epoch:9 0.5755  0.7165  0.6838  -1.0000  0.5755  -1.0000  0.4141  0.8144  0.8144  -1.0000  0.8144  -1.0000  0.2163  0.004000
epoch:10 0.5816  0.7060  0.6820  -1.0000  0.5816  -1.0000  0.5179  0.8267  0.8267  -1.0000  0.8267  -1.0000  0.1995  0.000400
epoch:11 0.6133  0.7339  0.7069  -1.0000  0.6133  -1.0000  0.5660  0.8358  0.8358  -1.0000  0.8358  -1.0000  0.1956  0.000400
epoch:12 0.5785  0.7037  0.6780  -1.0000  0.5785  -1.0000  0.5630  0.8235  0.8235  -1.0000  0.8235  -1.0000  0.1951  0.000400
epoch:13 0.5740  0.6950  0.6647  -1.0000  0.5740  -1.0000  0.5453  0.8296  0.8296  -1.0000  0.8296  -1.0000  0.1948  0.000400
epoch:14 0.5807  0.7090  0.6838  -1.0000  0.5807  -1.0000  0.6251  0.8130  0.8130  -1.0000  0.8130  -1.0000  0.1948  0.000400
epoch:15 0.5876  0.7175  0.6883  -1.0000  0.5876  -1.0000  0.5900  0.8267  0.8267  -1.0000  0.8267  -1.0000  0.1916  0.000400
epoch:16 0.6191  0.7439  0.7142  -1.0000  0.6191  -1.0000  0.6780  0.8312  0.8312  -1.0000  0.8312  -1.0000  0.1922  0.000400
epoch:17 0.5924  0.7156  0.6885  -1.0000  0.5924  -1.0000  0.5962  0.8328  0.8328  -1.0000  0.8328  -1.0000  0.1893  0.000400
epoch:18 0.5691  0.6916  0.6590  -1.0000  0.5691  -1.0000  0.6255  0.8342  0.8342  -1.0000  0.8342  -1.0000  0.1885  0.000400
epoch:19 0.5969  0.7240  0.6961  -1.0000  0.5969  -1.0000  0.6651  0.8296  0.8296  -1.0000  0.8296  -1.0000  0.1874  0.000400
epoch:20 0.5699  0.7039  0.6727  -1.0000  0.5699  -1.0000  0.5887  0.8160  0.8160  -1.0000  0.8160  -1.0000  0.1862  0.000040
epoch:21 0.5731  0.7124  0.6828  -1.0000  0.5731  -1.0000  0.5696  0.8128  0.8128  -1.0000  0.8128  -1.0000  0.1875  0.000040
epoch:22 0.5990  0.7318  0.7018  -1.0000  0.5990  -1.0000  0.6603  0.8264  0.8264  -1.0000  0.8264  -1.0000  0.1858  0.000040
epoch:23 0.6128  0.7426  0.7141  -1.0000  0.6128  -1.0000  0.6400  0.8280  0.8280  -1.0000  0.8280  -1.0000  0.1859  0.000040
epoch:24 0.6064  0.7374  0.7099  -1.0000  0.6064  -1.0000  0.6384  0.8293  0.8293  -1.0000  0.8293  -1.0000  0.1849  0.000040
epoch:25 0.5612  0.6943  0.6644  -1.0000  0.5612  -1.0000  0.5913  0.8248  0.8248  -1.0000  0.8248  -1.0000  0.1864  0.000040
epoch:26 0.5979  0.7299  0.6982  -1.0000  0.5979  -1.0000  0.6355  0.8280  0.8280  -1.0000  0.8280  -1.0000  0.1855  0.000040
epoch:27 0.5885  0.7203  0.6856  -1.0000  0.5885  -1.0000  0.5916  0.8218  0.8218  -1.0000  0.8218  -1.0000  0.1852  0.000040
epoch:28 0.5874  0.7230  0.6917  -1.0000  0.5874  -1.0000  0.6264  0.8205  0.8205  -1.0000  0.8205  -1.0000  0.1850  0.000040
epoch:29 0.5832  0.7094  0.6789  -1.0000  0.5832  -1.0000  0.6371  0.8280  0.8280  -1.0000  0.8280  -1.0000  0.1862  0.000040
epoch:30 0.5758  0.7065  0.6758  -1.0000  0.5758  -1.0000  0.6339  0.8248  0.8248  -1.0000  0.8248  -1.0000  0.1850  0.000004
epoch:31 0.5647  0.6907  0.6602  -1.0000  0.5647  -1.0000  0.5962  0.8251  0.8251  -1.0000  0.8251  -1.0000  0.1867  0.000004
epoch:32 0.5872  0.7184  0.6858  -1.0000  0.5872  -1.0000  0.6355  0.8264  0.8264  -1.0000  0.8264  -1.0000  0.1870  0.000004
epoch:33 0.5769  0.7193  0.6897  -1.0000  0.5769  -1.0000  0.5777  0.8128  0.8128  -1.0000  0.8128  -1.0000  0.1867  0.000004
epoch:34 0.5770  0.7024  0.6701  -1.0000  0.5770  -1.0000  0.6371  0.8296  0.8296  -1.0000  0.8296  -1.0000  0.1845  0.000004
epoch:35 0.5838  0.7080  0.6777  -1.0000  0.5838  -1.0000  0.6400  0.8326  0.8326  -1.0000  0.8326  -1.0000  0.1853  0.000004
epoch:36 0.5927  0.7164  0.6876  -1.0000  0.5927  -1.0000  0.5991  0.8342  0.8342  -1.0000  0.8342  -1.0000  0.1856  0.000004
epoch:37 0.6140  0.7432  0.7142  -1.0000  0.6140  -1.0000  0.6371  0.8296  0.8296  -1.0000  0.8296  -1.0000  0.1840  0.000004
epoch:38 0.5945  0.7205  0.6901  -1.0000  0.5945  -1.0000  0.6400  0.8326  0.8326  -1.0000  0.8326  -1.0000  0.1852  0.000004
epoch:39 0.5762  0.7110  0.6805  -1.0000  0.5762  -1.0000  0.5826  0.8144  0.8144  -1.0000  0.8144  -1.0000  0.1838  0.000004
epoch:40 0.5725  0.7017  0.6698  -1.0000  0.5725  -1.0000  0.6355  0.8264  0.8264  -1.0000  0.8264  -1.0000  0.1859  0.000000
epoch:41 0.5925  0.7211  0.6913  -1.0000  0.5925  -1.0000  0.6371  0.8280  0.8280  -1.0000  0.8280  -1.0000  0.1848  0.000000
epoch:42 0.5825  0.7217  0.6905  -1.0000  0.5825  -1.0000  0.6044  0.8098  0.8098  -1.0000  0.8098  -1.0000  0.1849  0.000000
epoch:43 0.5689  0.7020  0.6691  -1.0000  0.5689  -1.0000  0.5871  0.8189  0.8189  -1.0000  0.8189  -1.0000  0.1845  0.000000
epoch:44 0.5846  0.7196  0.6880  -1.0000  0.5846  -1.0000  0.5884  0.8202  0.8202  -1.0000  0.8202  -1.0000  0.1855  0.000000
epoch:45 0.6163  0.7596  0.7292  -1.0000  0.6163  -1.0000  0.6248  0.8157  0.8157  -1.0000  0.8157  -1.0000  0.1854  0.000000
epoch:46 0.5832  0.7175  0.6858  -1.0000  0.5832  -1.0000  0.5871  0.8189  0.8189  -1.0000  0.8189  -1.0000  0.1844  0.000000
epoch:47 0.5780  0.7057  0.6741  -1.0000  0.5780  -1.0000  0.6371  0.8280  0.8280  -1.0000  0.8280  -1.0000  0.1853  0.000000
epoch:48 0.5789  0.7091  0.6790  -1.0000  0.5789  -1.0000  0.6355  0.8264  0.8264  -1.0000  0.8264  -1.0000  0.1842  0.000000
epoch:49 0.5743  0.7079  0.6771  -1.0000  0.5743  -1.0000  0.5826  0.8160  0.8160  -1.0000  0.8160  -1.0000  0.1848  0.000000
epoch:50 0.5849  0.7170  0.6864  -1.0000  0.5849  -1.0000  0.5946  0.8264  0.8264  -1.0000  0.8264  -1.0000  0.1855  0.000000
epoch:51 0.5742  0.7025  0.6691  -1.0000  0.5742  -1.0000  0.5946  0.8280  0.8280  -1.0000  0.8280  -1.0000  0.1856  0.000000
epoch:52 0.5944  0.7243  0.6949  -1.0000  0.5944  -1.0000  0.6355  0.8296  0.8296  -1.0000  0.8296  -1.0000  0.1820  0.000000
epoch:53 0.6019  0.7383  0.7084  -1.0000  0.6019  -1.0000  0.6264  0.8189  0.8189  -1.0000  0.8189  -1.0000  0.1848  0.000000
epoch:54 0.6071  0.7434  0.7141  -1.0000  0.6071  -1.0000  0.6293  0.8218  0.8218  -1.0000  0.8218  -1.0000  0.1849  0.000000
epoch:55 0.5691  0.7018  0.6685  -1.0000  0.5691  -1.0000  0.5871  0.8173  0.8173  -1.0000  0.8173  -1.0000  0.1836  0.000000
epoch:56 0.5922  0.7214  0.6902  -1.0000  0.5922  -1.0000  0.5946  0.8296  0.8296  -1.0000  0.8296  -1.0000  0.1842  0.000000
epoch:57 0.5732  0.7079  0.6780  -1.0000  0.5732  -1.0000  0.6323  0.8248  0.8248  -1.0000  0.8248  -1.0000  0.1844  0.000000
epoch:58 0.5738  0.7088  0.6778  -1.0000  0.5738  -1.0000  0.5855  0.8173  0.8173  -1.0000  0.8173  -1.0000  0.1855  0.000000
epoch:59 0.5873  0.7216  0.6905  -1.0000  0.5873  -1.0000  0.6339  0.8264  0.8264  -1.0000  0.8264  -1.0000  0.1859  0.000000
epoch:60 0.5682  0.7073  0.6767  -1.0000  0.5682  -1.0000  0.5809  0.8128  0.8128  -1.0000  0.8128  -1.0000  0.1834  0.000000
epoch:61 0.5932  0.7236  0.6938  -1.0000  0.5932  -1.0000  0.6371  0.8280  0.8280  -1.0000  0.8280  -1.0000  0.1860  0.000000
epoch:62 0.5829  0.7179  0.6871  -1.0000  0.5829  -1.0000  0.5871  0.8189  0.8189  -1.0000  0.8189  -1.0000  0.1847  0.000000
epoch:63 0.5902  0.7207  0.6890  -1.0000  0.5902  -1.0000  0.6371  0.8280  0.8280  -1.0000  0.8280  -1.0000  0.1852  0.000000
epoch:64 0.5712  0.6985  0.6673  -1.0000  0.5712  -1.0000  0.6371  0.8280  0.8280  -1.0000  0.8280  -1.0000  0.1857  0.000000
epoch:65 0.5726  0.7153  0.6856  -1.0000  0.5726  -1.0000  0.5793  0.8095  0.8095  -1.0000  0.8095  -1.0000  0.1838  0.000000
epoch:66 0.6239  0.7531  0.7228  -1.0000  0.6239  -1.0000  0.6400  0.8326  0.8326  -1.0000  0.8326  -1.0000  0.1852  0.000000
epoch:67 0.6140  0.7570  0.7286  -1.0000  0.6140  -1.0000  0.6466  0.8111  0.8111  -1.0000  0.8111  -1.0000  0.1853  0.000000
epoch:68 0.5954  0.7354  0.7050  -1.0000  0.5954  -1.0000  0.6218  0.8128  0.8128  -1.0000  0.8128  -1.0000  0.1876  0.000000
epoch:69 0.5999  0.7263  0.6973  -1.0000  0.5999  -1.0000  0.6387  0.8312  0.8312  -1.0000  0.8312  -1.0000  0.1850  0.000000
epoch:70 0.5749  0.7026  0.6698  -1.0000  0.5749  -1.0000  0.6355  0.8296  0.8296  -1.0000  0.8296  -1.0000  0.1854  0.000000
epoch:71 0.5961  0.7214  0.6897  -1.0000  0.5961  -1.0000  0.6400  0.8342  0.8342  -1.0000  0.8342  -1.0000  0.1852  0.000000
