epoch:0 0.2817  0.4026  0.3305  -1.0000  0.2817  -1.0000  0.3152  0.7350  0.7493  -1.0000  0.7493  -1.0000  1.2148  0.004000
epoch:1 0.5030  0.6863  0.6646  -1.0000  0.5031  -1.0000  0.5594  0.7477  0.7477  -1.0000  0.7477  -1.0000  0.4213  0.004000
epoch:2 0.5304  0.6561  0.6313  -1.0000  0.5304  -1.0000  0.4048  0.8128  0.8128  -1.0000  0.8128  -1.0000  0.3050  0.004000
epoch:3 0.5008  0.6177  0.5964  -1.0000  0.5009  -1.0000  0.5289  0.8345  0.8345  -1.0000  0.8345  -1.0000  0.2647  0.004000
epoch:4 0.4625  0.5822  0.5696  -1.0000  0.4626  -1.0000  0.5336  0.8111  0.8111  -1.0000  0.8111  -1.0000  0.2358  0.004000
epoch:5 0.4670  0.5685  0.5432  -1.0000  0.4670  -1.0000  0.4352  0.8299  0.8299  -1.0000  0.8299  -1.0000  0.2333  0.004000
epoch:6 0.4921  0.6109  0.6109  -1.0000  0.4921  -1.0000  0.5616  0.8063  0.8063  -1.0000  0.8063  -1.0000  0.2143  0.004000
epoch:7 0.6152  0.7384  0.7282  -1.0000  0.6152  -1.0000  0.6223  0.8293  0.8293  -1.0000  0.8293  -1.0000  0.2053  0.004000
epoch:8 0.6123  0.7394  0.7201  -1.0000  0.6123  -1.0000  0.6387  0.8296  0.8296  -1.0000  0.8296  -1.0000  0.1982  0.004000
epoch:9 0.6604  0.7845  0.7723  -1.0000  0.6604  -1.0000  0.5911  0.8280  0.8280  -1.0000  0.8280  -1.0000  0.1844  0.004000
epoch:10 0.6671  0.7932  0.7932  -1.0000  0.6671  -1.0000  0.5566  0.8393  0.8393  -1.0000  0.8393  -1.0000  0.1641  0.000400
epoch:11 0.6966  0.8268  0.8021  -1.0000  0.6966  -1.0000  0.5386  0.8374  0.8374  -1.0000  0.8374  -1.0000  0.1579  0.000400
epoch:12 0.6765  0.8104  0.7992  -1.0000  0.6765  -1.0000  0.5997  0.8299  0.8299  -1.0000  0.8299  -1.0000  0.1591  0.000400
epoch:13 0.7105  0.8466  0.8343  -1.0000  0.7105  -1.0000  0.6565  0.8299  0.8299  -1.0000  0.8299  -1.0000  0.1543  0.000400
epoch:14 0.7272  0.8548  0.8299  -1.0000  0.7272  -1.0000  0.7051  0.8422  0.8422  -1.0000  0.8422  -1.0000  0.1555  0.000400
epoch:15 0.7255  0.8646  0.8465  -1.0000  0.7255  -1.0000  0.7003  0.8309  0.8309  -1.0000  0.8309  -1.0000  0.1520  0.000400
epoch:16 0.7307  0.8714  0.8473  -1.0000  0.7307  -1.0000  0.6755  0.8312  0.8312  -1.0000  0.8312  -1.0000  0.1517  0.000400
epoch:17 0.7294  0.8827  0.8524  -1.0000  0.7294  -1.0000  0.6548  0.8296  0.8296  -1.0000  0.8296  -1.0000  0.1474  0.000400
epoch:18 0.7062  0.8380  0.8380  -1.0000  0.7062  -1.0000  0.6408  0.8419  0.8419  -1.0000  0.8419  -1.0000  0.1497  0.000400
epoch:19 0.7518  0.9047  0.8773  -1.0000  0.7518  -1.0000  0.6957  0.8296  0.8296  -1.0000  0.8296  -1.0000  0.1484  0.000400
epoch:20 0.7461  0.8875  0.8522  -1.0000  0.7461  -1.0000  0.6497  0.8390  0.8390  -1.0000  0.8390  -1.0000  0.1444  0.000040
epoch:21 0.7488  0.8895  0.8759  -1.0000  0.7488  -1.0000  0.6974  0.8328  0.8328  -1.0000  0.8328  -1.0000  0.1456  0.000040
epoch:22 0.7212  0.8591  0.8300  -1.0000  0.7212  -1.0000  0.6974  0.8328  0.8328  -1.0000  0.8328  -1.0000  0.1425  0.000040
epoch:23 0.7545  0.9031  0.8758  -1.0000  0.7545  -1.0000  0.7103  0.8296  0.8296  -1.0000  0.8296  -1.0000  0.1426  0.000040
epoch:24 0.7463  0.8901  0.8726  -1.0000  0.7463  -1.0000  0.7087  0.8280  0.8280  -1.0000  0.8280  -1.0000  0.1454  0.000040
epoch:25 0.7507  0.8890  0.8763  -1.0000  0.7507  -1.0000  0.7151  0.8328  0.8328  -1.0000  0.8328  -1.0000  0.1432  0.000040
epoch:26 0.7516  0.8944  0.8790  -1.0000  0.7516  -1.0000  0.7119  0.8296  0.8296  -1.0000  0.8296  -1.0000  0.1451  0.000040
epoch:27 0.7506  0.8917  0.8677  -1.0000  0.7506  -1.0000  0.7003  0.8342  0.8342  -1.0000  0.8342  -1.0000  0.1451  0.000040
epoch:28 0.7514  0.8915  0.8651  -1.0000  0.7514  -1.0000  0.6626  0.8328  0.8328  -1.0000  0.8328  -1.0000  0.1440  0.000040
epoch:29 0.7404  0.8859  0.8588  -1.0000  0.7404  -1.0000  0.7003  0.8326  0.8326  -1.0000  0.8326  -1.0000  0.1434  0.000040
epoch:30 0.7343  0.8861  0.8551  -1.0000  0.7343  -1.0000  0.6925  0.8264  0.8264  -1.0000  0.8264  -1.0000  0.1444  0.000004
epoch:31 0.7355  0.8911  0.8610  -1.0000  0.7355  -1.0000  0.6928  0.8251  0.8251  -1.0000  0.8251  -1.0000  0.1432  0.000004
epoch:32 0.7504  0.8916  0.8740  -1.0000  0.7504  -1.0000  0.6957  0.8296  0.8296  -1.0000  0.8296  -1.0000  0.1438  0.000004
epoch:33 0.7506  0.8870  0.8870  -1.0000  0.7506  -1.0000  0.7038  0.8216  0.8216  -1.0000  0.8216  -1.0000  0.1439  0.000004
epoch:34 0.7525  0.8940  0.8753  -1.0000  0.7525  -1.0000  0.7119  0.8312  0.8312  -1.0000  0.8312  -1.0000  0.1427  0.000004
epoch:35 0.7519  0.8935  0.8633  -1.0000  0.7519  -1.0000  0.7019  0.8374  0.8374  -1.0000  0.8374  -1.0000  0.1431  0.000004
epoch:36 0.7378  0.8931  0.8651  -1.0000  0.7378  -1.0000  0.7103  0.8264  0.8264  -1.0000  0.8264  -1.0000  0.1429  0.000004
epoch:37 0.7364  0.8825  0.8469  -1.0000  0.7364  -1.0000  0.6974  0.8296  0.8296  -1.0000  0.8296  -1.0000  0.1425  0.000004
epoch:38 0.7410  0.8885  0.8597  -1.0000  0.7410  -1.0000  0.6928  0.8283  0.8283  -1.0000  0.8283  -1.0000  0.1437  0.000004
epoch:39 0.7481  0.8870  0.8518  -1.0000  0.7481  -1.0000  0.6655  0.8374  0.8374  -1.0000  0.8374  -1.0000  0.1435  0.000004
epoch:40 0.7605  0.9016  0.8852  -1.0000  0.7605  -1.0000  0.7135  0.8328  0.8328  -1.0000  0.8328  -1.0000  0.1426  0.000000
epoch:41 0.7585  0.8982  0.8699  -1.0000  0.7585  -1.0000  0.7210  0.8403  0.8403  -1.0000  0.8403  -1.0000  0.1428  0.000000
epoch:42 0.7466  0.8899  0.8630  -1.0000  0.7466  -1.0000  0.7103  0.8312  0.8312  -1.0000  0.8312  -1.0000  0.1427  0.000000
epoch:43 0.7440  0.8932  0.8588  -1.0000  0.7440  -1.0000  0.7119  0.8312  0.8312  -1.0000  0.8312  -1.0000  0.1447  0.000000
epoch:44 0.7563  0.8997  0.8796  -1.0000  0.7563  -1.0000  0.7103  0.8296  0.8296  -1.0000  0.8296  -1.0000  0.1426  0.000000
epoch:45 0.7697  0.8976  0.8976  -1.0000  0.7697  -1.0000  0.7258  0.8468  0.8468  -1.0000  0.8468  -1.0000  0.1446  0.000000
epoch:46 0.7472  0.8940  0.8631  -1.0000  0.7472  -1.0000  0.6607  0.8326  0.8326  -1.0000  0.8326  -1.0000  0.1443  0.000000
epoch:47 0.7480  0.8855  0.8753  -1.0000  0.7480  -1.0000  0.7038  0.8312  0.8312  -1.0000  0.8312  -1.0000  0.1416  0.000000
epoch:48 0.7178  0.8647  0.8371  -1.0000  0.7178  -1.0000  0.6532  0.8264  0.8264  -1.0000  0.8264  -1.0000  0.1433  0.000000
epoch:49 0.7507  0.8874  0.8619  -1.0000  0.7507  -1.0000  0.7151  0.8345  0.8345  -1.0000  0.8345  -1.0000  0.1446  0.000000
