epoch:3 0.5453  0.6619  0.6619  0.0000  0.5525  -1.0000  0.4583  0.8088  0.8088  0.0000  0.8244  -1.0000  0.3082  0.004000
epoch:4 0.6197  0.7476  0.7476  0.0000  0.6294  -1.0000  0.5803  0.8210  0.8210  0.0000  0.8370  -1.0000  0.2729  0.004000
epoch:5 0.6582  0.7940  0.7866  0.5000  0.6650  -1.0000  0.6061  0.8330  0.8330  0.5000  0.8390  -1.0000  0.2482  0.004000
epoch:6 0.6262  0.7468  0.7379  0.3000  0.6331  -1.0000  0.5923  0.8335  0.8335  0.3000  0.8435  -1.0000  0.2254  0.004000
epoch:7 0.6658  0.7917  0.7917  0.0000  0.6763  -1.0000  0.6258  0.8295  0.8295  0.0000  0.8456  -1.0000  0.2194  0.004000
epoch:8 0.6769  0.7938  0.7938  0.0000  0.6872  -1.0000  0.5790  0.8383  0.8383  0.0000  0.8543  -1.0000  0.2047  0.004000
epoch:9 0.6778  0.8083  0.7988  0.2000  0.6844  -1.0000  0.6097  0.8393  0.8393  0.4000  0.8476  -1.0000  0.2062  0.004000
epoch:10 0.6833  0.8011  0.7914  0.5000  0.6893  -1.0000  0.5810  0.8545  0.8545  0.5000  0.8607  -1.0000  0.1847  0.000400
epoch:11 0.6868  0.8111  0.8019  0.3000  0.6943  -1.0000  0.6385  0.8503  0.8503  0.3000  0.8606  -1.0000  0.1777  0.000400
epoch:12 0.6898  0.8140  0.8045  0.3000  0.6977  -1.0000  0.5808  0.8482  0.8482  0.3000  0.8584  -1.0000  0.1783  0.000400
epoch:13 0.6991  0.8256  0.8256  0.6000  0.7044  -1.0000  0.6162  0.8542  0.8542  0.6000  0.8584  -1.0000  0.1767  0.000400
epoch:14 0.7051  0.8257  0.8164  0.3000  0.7132  -1.0000  0.5851  0.8505  0.8505  0.3000  0.8607  -1.0000  0.1724  0.000400
epoch:15 0.7089  0.8265  0.8265  0.0000  0.7202  -1.0000  0.5808  0.8423  0.8423  0.0000  0.8585  -1.0000  0.1735  0.000400
epoch:16 0.7065  0.8315  0.8220  0.4000  0.7140  -1.0000  0.6362  0.8522  0.8522  0.4000  0.8605  -1.0000  0.1719  0.000400
epoch:17 0.7026  0.8364  0.8269  0.4000  0.7101  -1.0000  0.6120  0.8438  0.8438  0.4000  0.8520  -1.0000  0.1717  0.000400
epoch:18 0.7239  0.8416  0.8321  0.4000  0.7315  -1.0000  0.6030  0.8565  0.8565  0.4000  0.8649  -1.0000  0.1678  0.000400
epoch:19 0.7006  0.8291  0.8194  0.4000  0.7077  -1.0000  0.5828  0.8523  0.8523  0.4000  0.8606  -1.0000  0.1670  0.000400
epoch:20 0.6990  0.8261  0.8166  0.3000  0.7071  -1.0000  0.5804  0.8482  0.8482  0.3000  0.8584  -1.0000  0.1630  0.000040
epoch:21 0.7158  0.8353  0.8258  0.4000  0.7235  -1.0000  0.5888  0.8562  0.8562  0.4000  0.8647  -1.0000  0.1639  0.000040
epoch:22 0.7140  0.8334  0.8237  0.3000  0.7225  -1.0000  0.5871  0.8547  0.8547  0.3000  0.8649  -1.0000  0.1639  0.000040
epoch:23 0.7185  0.8343  0.8244  0.5000  0.7250  -1.0000  0.6067  0.8609  0.8609  0.5000  0.8671  -1.0000  0.1646  0.000040
epoch:24 0.7110  0.8297  0.8200  0.4000  0.7181  -1.0000  0.5851  0.8547  0.8547  0.4000  0.8629  -1.0000  0.1639  0.000040
epoch:25 0.7167  0.8380  0.8281  0.5000  0.7233  -1.0000  0.6050  0.8605  0.8605  0.5000  0.8669  -1.0000  0.1622  0.000040
epoch:26 0.7159  0.8383  0.8286  0.3000  0.7245  -1.0000  0.6222  0.8543  0.8543  0.3000  0.8648  -1.0000  0.1650  0.000040
epoch:27 0.7107  0.8365  0.8266  0.4000  0.7178  -1.0000  0.6142  0.8503  0.8503  0.4000  0.8585  -1.0000  0.1633  0.000040
epoch:28 0.7229  0.8404  0.8309  0.4000  0.7307  -1.0000  0.6067  0.8589  0.8589  0.4000  0.8671  -1.0000  0.1640  0.000040
epoch:29 0.7168  0.8373  0.8278  0.4000  0.7242  -1.0000  0.6030  0.8545  0.8545  0.4000  0.8628  -1.0000  0.1633  0.000040
epoch:30 0.7334  0.8471  0.8372  0.4000  0.7409  -1.0000  0.6247  0.8609  0.8609  0.4000  0.8692  -1.0000  0.1617  0.000004
epoch:31 0.7167  0.8367  0.8272  0.3000  0.7253  -1.0000  0.5870  0.8567  0.8567  0.3000  0.8670  -1.0000  0.1628  0.000004
epoch:32 0.7234  0.8433  0.8334  0.5000  0.7301  -1.0000  0.6225  0.8543  0.8543  0.5000  0.8606  -1.0000  0.1641  0.000004
epoch:33 0.7214  0.8373  0.8276  0.5000  0.7278  -1.0000  0.6085  0.8605  0.8605  0.5000  0.8669  -1.0000  0.1641  0.000004
epoch:34 0.7159  0.8411  0.8314  0.4000  0.7233  -1.0000  0.6023  0.8523  0.8523  0.4000  0.8606  -1.0000  0.1627  0.000004
epoch:35 0.7144  0.8300  0.8300  0.0000  0.7253  -1.0000  0.5873  0.8447  0.8447  0.0000  0.8608  -1.0000  0.1632  0.000004
epoch:36 0.7139  0.8388  0.8293  0.4000  0.7212  -1.0000  0.5868  0.8522  0.8522  0.4000  0.8605  -1.0000  0.1618  0.000004
epoch:37 0.7113  0.8326  0.8231  0.5000  0.7179  -1.0000  0.6043  0.8565  0.8565  0.5000  0.8628  -1.0000  0.1649  0.000004
epoch:38 0.7162  0.8409  0.8314  0.4000  0.7240  -1.0000  0.6002  0.8523  0.8523  0.4000  0.8606  -1.0000  0.1618  0.000004
epoch:39 0.7238  0.8448  0.8353  0.5000  0.7308  -1.0000  0.6385  0.8587  0.8587  0.5000  0.8649  -1.0000  0.1634  0.000004
epoch:40 0.7162  0.8403  0.8306  0.4000  0.7232  -1.0000  0.5810  0.8505  0.8505  0.4000  0.8586  -1.0000  0.1630  0.000000
epoch:41 0.7164  0.8418  0.8323  0.5000  0.7229  -1.0000  0.6203  0.8545  0.8545  0.5000  0.8607  -1.0000  0.1642  0.000000
epoch:42 0.7002  0.8304  0.8209  0.3000  0.7082  -1.0000  0.5826  0.8438  0.8438  0.3000  0.8541  -1.0000  0.1620  0.000000
epoch:43 0.7162  0.8384  0.8287  0.4000  0.7236  -1.0000  0.6225  0.8565  0.8565  0.4000  0.8649  -1.0000  0.1626  0.000000
epoch:44 0.7124  0.8364  0.8269  0.5000  0.7190  -1.0000  0.6163  0.8545  0.8545  0.5000  0.8607  -1.0000  0.1630  0.000000
epoch:45 0.7081  0.8306  0.8211  0.3000  0.7164  -1.0000  0.5848  0.8523  0.8523  0.3000  0.8627  -1.0000  0.1643  0.000000
epoch:46 0.7122  0.8388  0.8291  0.4000  0.7196  -1.0000  0.6003  0.8505  0.8505  0.4000  0.8586  -1.0000  0.1642  0.000000
epoch:47 0.7153  0.8325  0.8228  0.5000  0.7216  -1.0000  0.6067  0.8630  0.8630  0.5000  0.8693  -1.0000  0.1633  0.000000
epoch:48 0.7136  0.8343  0.8246  0.4000  0.7208  -1.0000  0.5851  0.8549  0.8549  0.4000  0.8630  -1.0000  0.1634  0.000000
epoch:49 0.7194  0.8432  0.8335  0.5000  0.7261  -1.0000  0.6183  0.8565  0.8565  0.5000  0.8628  -1.0000  0.1616  0.000000
