epoch:0 0.1149  0.2098  0.1385  -1.0000  0.1157  -1.0000  0.1390  0.6821  0.6966  -1.0000  0.6966  -1.0000  1.5532  0.004000
epoch:1 0.3422  0.4550  0.4373  -1.0000  0.3422  -1.0000  0.4034  0.7908  0.7956  -1.0000  0.7956  -1.0000  0.5012  0.004000
epoch:2 0.4344  0.5655  0.5434  -1.0000  0.4344  -1.0000  0.4346  0.7817  0.7817  -1.0000  0.7817  -1.0000  0.4962  0.004000
epoch:3 0.4635  0.5932  0.5675  -1.0000  0.4635  -1.0000  0.5094  0.7921  0.7921  -1.0000  0.7921  -1.0000  0.3487  0.004000
epoch:4 0.4381  0.5889  0.5329  -1.0000  0.4381  -1.0000  0.5330  0.7824  0.7824  -1.0000  0.7824  -1.0000  0.2983  0.004000
epoch:5 0.4592  0.5962  0.5439  -1.0000  0.4592  -1.0000  0.4525  0.8248  0.8248  -1.0000  0.8248  -1.0000  0.2942  0.004000
epoch:6 0.4967  0.6354  0.6019  -1.0000  0.4967  -1.0000  0.4921  0.8218  0.8218  -1.0000  0.8218  -1.0000  0.2609  0.004000
epoch:7 0.5147  0.6641  0.6140  -1.0000  0.5147  -1.0000  0.5475  0.8173  0.8173  -1.0000  0.8173  -1.0000  0.2433  0.004000
epoch:8 0.5202  0.6280  0.6162  -1.0000  0.5202  -1.0000  0.5076  0.8348  0.8348  -1.0000  0.8348  -1.0000  0.2316  0.004000
epoch:9 0.5502  0.6695  0.6329  -1.0000  0.5502  -1.0000  0.5402  0.8312  0.8312  -1.0000  0.8312  -1.0000  0.2207  0.004000
epoch:10 0.4753  0.6057  0.5504  -1.0000  0.4753  -1.0000  0.4406  0.8390  0.8390  -1.0000  0.8390  -1.0000  0.2076  0.000400
epoch:11 0.4865  0.6283  0.5847  -1.0000  0.4865  -1.0000  0.4457  0.8328  0.8328  -1.0000  0.8328  -1.0000  0.1987  0.000400
epoch:12 0.4993  0.6176  0.5849  -1.0000  0.4993  -1.0000  0.4013  0.8406  0.8406  -1.0000  0.8406  -1.0000  0.1942  0.000400
epoch:13 0.4954  0.6148  0.5730  -1.0000  0.4954  -1.0000  0.4584  0.8409  0.8409  -1.0000  0.8409  -1.0000  0.1946  0.000400
epoch:14 0.4874  0.5984  0.5563  -1.0000  0.4874  -1.0000  0.3652  0.8358  0.8358  -1.0000  0.8358  -1.0000  0.1913  0.000400
epoch:15 0.5023  0.6129  0.5717  -1.0000  0.5023  -1.0000  0.4455  0.8374  0.8374  -1.0000  0.8374  -1.0000  0.1902  0.000400
epoch:16 0.4993  0.6178  0.5729  -1.0000  0.4993  -1.0000  0.3997  0.8403  0.8403  -1.0000  0.8403  -1.0000  0.1867  0.000400
epoch:17 0.4812  0.6026  0.5618  -1.0000  0.4812  -1.0000  0.3707  0.8326  0.8326  -1.0000  0.8326  -1.0000  0.1904  0.000400
epoch:18 0.5036  0.6259  0.5848  -1.0000  0.5036  -1.0000  0.4449  0.8326  0.8326  -1.0000  0.8326  -1.0000  0.1888  0.000400
epoch:19 0.4844  0.6052  0.5621  -1.0000  0.4844  -1.0000  0.4232  0.8326  0.8326  -1.0000  0.8326  -1.0000  0.1881  0.000400
epoch:20 0.4705  0.5934  0.5504  -1.0000  0.4705  -1.0000  0.3852  0.8326  0.8326  -1.0000  0.8326  -1.0000  0.1843  0.000040
epoch:21 0.4949  0.6126  0.5679  -1.0000  0.4949  -1.0000  0.4174  0.8374  0.8374  -1.0000  0.8374  -1.0000  0.1846  0.000040
epoch:22 0.4890  0.6065  0.5630  -1.0000  0.4890  -1.0000  0.3900  0.8374  0.8374  -1.0000  0.8374  -1.0000  0.1843  0.000040
epoch:23 0.4815  0.6045  0.5610  -1.0000  0.4815  -1.0000  0.4304  0.8280  0.8280  -1.0000  0.8280  -1.0000  0.1841  0.000040
epoch:24 0.4903  0.6110  0.5640  -1.0000  0.4903  -1.0000  0.4045  0.8371  0.8371  -1.0000  0.8371  -1.0000  0.1833  0.000040
epoch:25 0.5024  0.6314  0.5876  -1.0000  0.5024  -1.0000  0.4255  0.8309  0.8309  -1.0000  0.8309  -1.0000  0.1845  0.000040
epoch:26 0.4904  0.6053  0.5627  -1.0000  0.4904  -1.0000  0.3900  0.8374  0.8374  -1.0000  0.8374  -1.0000  0.1846  0.000040
epoch:27 0.4931  0.6191  0.5753  -1.0000  0.4931  -1.0000  0.3997  0.8406  0.8406  -1.0000  0.8406  -1.0000  0.1840  0.000040
epoch:28 0.4988  0.6182  0.5753  -1.0000  0.4988  -1.0000  0.4158  0.8358  0.8358  -1.0000  0.8358  -1.0000  0.1831  0.000040
epoch:29 0.5411  0.6747  0.6312  -1.0000  0.5411  -1.0000  0.4944  0.8390  0.8390  -1.0000  0.8390  -1.0000  0.1827  0.000040
epoch:30 0.5246  0.6446  0.6023  -1.0000  0.5246  -1.0000  0.4696  0.8342  0.8342  -1.0000  0.8342  -1.0000  0.1838  0.000004
epoch:31 0.5080  0.6289  0.5859  -1.0000  0.5080  -1.0000  0.4158  0.8342  0.8342  -1.0000  0.8342  -1.0000  0.1824  0.000004
epoch:32 0.5517  0.6821  0.6364  -1.0000  0.5517  -1.0000  0.5106  0.8326  0.8326  -1.0000  0.8326  -1.0000  0.1857  0.000004
epoch:33 0.5027  0.6274  0.5870  -1.0000  0.5027  -1.0000  0.4320  0.8342  0.8342  -1.0000  0.8342  -1.0000  0.1843  0.000004
epoch:34 0.5225  0.6564  0.6125  -1.0000  0.5225  -1.0000  0.4812  0.8393  0.8393  -1.0000  0.8393  -1.0000  0.1849  0.000004
epoch:35 0.5081  0.6343  0.5909  -1.0000  0.5081  -1.0000  0.4158  0.8296  0.8296  -1.0000  0.8296  -1.0000  0.1835  0.000004
epoch:36 0.5008  0.6266  0.5829  -1.0000  0.5008  -1.0000  0.4567  0.8296  0.8296  -1.0000  0.8296  -1.0000  0.1835  0.000004
epoch:37 0.5555  0.6828  0.6414  -1.0000  0.5555  -1.0000  0.5089  0.8309  0.8309  -1.0000  0.8309  -1.0000  0.1828  0.000004
epoch:38 0.5162  0.6467  0.6028  -1.0000  0.5162  -1.0000  0.4680  0.8406  0.8406  -1.0000  0.8406  -1.0000  0.1825  0.000004
epoch:39 0.5317  0.6645  0.6203  -1.0000  0.5317  -1.0000  0.4535  0.8390  0.8390  -1.0000  0.8390  -1.0000  0.1840  0.000004
epoch:40 0.5055  0.6370  0.5922  -1.0000  0.5055  -1.0000  0.4142  0.8235  0.8235  -1.0000  0.8235  -1.0000  0.1832  0.000000
epoch:41 0.4967  0.6137  0.5685  -1.0000  0.4967  -1.0000  0.4029  0.8403  0.8403  -1.0000  0.8403  -1.0000  0.1843  0.000000
epoch:42 0.4962  0.6261  0.5795  -1.0000  0.4962  -1.0000  0.4522  0.8264  0.8264  -1.0000  0.8264  -1.0000  0.1834  0.000000
epoch:43 0.4934  0.6201  0.5772  -1.0000  0.4934  -1.0000  0.4142  0.8280  0.8280  -1.0000  0.8280  -1.0000  0.1848  0.000000
epoch:44 0.5012  0.6254  0.5842  -1.0000  0.5012  -1.0000  0.3997  0.8326  0.8326  -1.0000  0.8326  -1.0000  0.1827  0.000000
epoch:45 0.5273  0.6477  0.6057  -1.0000  0.5273  -1.0000  0.4713  0.8358  0.8358  -1.0000  0.8358  -1.0000  0.1835  0.000000
epoch:46 0.4980  0.6239  0.5799  -1.0000  0.4980  -1.0000  0.4158  0.8296  0.8296  -1.0000  0.8296  -1.0000  0.1839  0.000000
epoch:47 0.5077  0.6331  0.5875  -1.0000  0.5077  -1.0000  0.4013  0.8455  0.8455  -1.0000  0.8455  -1.0000  0.1835  0.000000
