epoch:0 0.0006  0.0033  0.0000  -1.0000  0.0061  -1.0000  0.0000  0.0000  0.0724  -1.0000  0.0724  -1.0000  1.9841  0.004000
epoch:1 0.0387  0.1143  0.0312  -1.0000  0.0387  -1.0000  0.0624  0.2906  0.7288  -1.0000  0.7288  -1.0000  0.7183  0.004000
epoch:2 0.3669  0.5069  0.4754  -1.0000  0.3669  -1.0000  0.3247  0.6982  0.7300  -1.0000  0.7300  -1.0000  0.5046  0.004000
epoch:3 0.4799  0.6156  0.6104  -1.0000  0.4799  -1.0000  0.4606  0.7706  0.7706  -1.0000  0.7706  -1.0000  0.5225  0.004000
epoch:4 0.3276  0.5200  0.3679  -1.0000  0.3276  -1.0000  0.4076  0.6565  0.6653  -1.0000  0.6653  -1.0000  0.5320  0.004000
epoch:5 0.4883  0.6760  0.6740  -1.0000  0.4883  -1.0000  0.4994  0.7200  0.7229  -1.0000  0.7229  -1.0000  0.4416  0.004000
epoch:6 0.4246  0.5455  0.5445  -1.0000  0.4246  -1.0000  0.5229  0.7706  0.7706  -1.0000  0.7706  -1.0000  0.3413  0.004000
epoch:7 0.5014  0.6234  0.6004  -1.0000  0.5014  -1.0000  0.5312  0.8035  0.8035  -1.0000  0.8035  -1.0000  0.3085  0.004000
epoch:8 0.5412  0.7102  0.6883  -1.0000  0.5412  -1.0000  0.5982  0.7747  0.7747  -1.0000  0.7747  -1.0000  0.2865  0.004000
epoch:9 0.5072  0.6667  0.6237  -1.0000  0.5072  -1.0000  0.5794  0.7824  0.7824  -1.0000  0.7824  -1.0000  0.2722  0.004000
epoch:10 0.5337  0.7007  0.6787  -1.0000  0.5337  -1.0000  0.6188  0.7806  0.7806  -1.0000  0.7806  -1.0000  0.2865  0.000040
epoch:11 0.4974  0.6595  0.6375  -1.0000  0.4974  -1.0000  0.5794  0.7706  0.7706  -1.0000  0.7706  -1.0000  0.2789  0.000040
epoch:12 0.5358  0.6661  0.6427  -1.0000  0.5358  -1.0000  0.6082  0.7965  0.7965  -1.0000  0.7965  -1.0000  0.2692  0.000040
epoch:13 0.5999  0.7443  0.7196  -1.0000  0.5999  -1.0000  0.6112  0.7994  0.7994  -1.0000  0.7994  -1.0000  0.2700  0.000040
epoch:14 0.5175  0.6755  0.6521  -1.0000  0.5175  -1.0000  0.5053  0.7706  0.7706  -1.0000  0.7706  -1.0000  0.2638  0.000040
epoch:15 0.5938  0.7344  0.7097  -1.0000  0.5938  -1.0000  0.6112  0.7935  0.7935  -1.0000  0.7935  -1.0000  0.2619  0.000040
epoch:16 0.5862  0.7415  0.7167  -1.0000  0.5862  -1.0000  0.5953  0.7835  0.7835  -1.0000  0.7835  -1.0000  0.2602  0.000040
epoch:17 0.6027  0.7526  0.7229  -1.0000  0.6027  -1.0000  0.5353  0.7906  0.7906  -1.0000  0.7906  -1.0000  0.2596  0.000040
epoch:18 0.5654  0.7373  0.7014  -1.0000  0.5654  -1.0000  0.5806  0.7806  0.7806  -1.0000  0.7806  -1.0000  0.2558  0.000040
epoch:19 0.5810  0.7584  0.7240  -1.0000  0.5810  -1.0000  0.5153  0.7706  0.7706  -1.0000  0.7706  -1.0000  0.2576  0.000040
epoch:20 0.4885  0.6341  0.5998  -1.0000  0.4885  -1.0000  0.5253  0.7806  0.7806  -1.0000  0.7806  -1.0000  0.2571  0.000000
epoch:21 0.5649  0.7430  0.7087  -1.0000  0.5649  -1.0000  0.5618  0.7735  0.7735  -1.0000  0.7735  -1.0000  0.2595  0.000000
epoch:22 0.4988  0.6511  0.6167  -1.0000  0.4988  -1.0000  0.5718  0.7835  0.7835  -1.0000  0.7835  -1.0000  0.2536  0.000000
epoch:23 0.6016  0.7584  0.7240  -1.0000  0.6016  -1.0000  0.6024  0.7876  0.7876  -1.0000  0.7876  -1.0000  0.2523  0.000000
epoch:24 0.5005  0.6440  0.6097  -1.0000  0.5005  -1.0000  0.6012  0.7894  0.7894  -1.0000  0.7894  -1.0000  0.2534  0.000000
epoch:25 0.5796  0.7430  0.7087  -1.0000  0.5796  -1.0000  0.5982  0.7894  0.7894  -1.0000  0.7894  -1.0000  0.2530  0.000000
epoch:26 0.5349  0.6758  0.6474  -1.0000  0.5349  -1.0000  0.6053  0.7906  0.7906  -1.0000  0.7906  -1.0000  0.2521  0.000000
epoch:27 0.5361  0.6829  0.6485  -1.0000  0.5361  -1.0000  0.6041  0.7924  0.7924  -1.0000  0.7924  -1.0000  0.2515  0.000000
epoch:28 0.5689  0.7336  0.6992  -1.0000  0.5689  -1.0000  0.5953  0.7835  0.7835  -1.0000  0.7835  -1.0000  0.2554  0.000000
epoch:29 0.5193  0.6787  0.6443  -1.0000  0.5193  -1.0000  0.5182  0.7765  0.7765  -1.0000  0.7765  -1.0000  0.2574  0.000000
epoch:30 0.5607  0.7336  0.6992  -1.0000  0.5607  -1.0000  0.5882  0.7765  0.7765  -1.0000  0.7765  -1.0000  0.2527  0.000000
epoch:31 0.4985  0.6440  0.6097  -1.0000  0.4985  -1.0000  0.5282  0.7835  0.7835  -1.0000  0.7835  -1.0000  0.2560  0.000000
epoch:32 0.5759  0.7208  0.6911  -1.0000  0.5759  -1.0000  0.5353  0.7906  0.7906  -1.0000  0.7906  -1.0000  0.2550  0.000000
epoch:33 0.5339  0.6799  0.6515  -1.0000  0.5339  -1.0000  0.6041  0.7894  0.7894  -1.0000  0.7894  -1.0000  0.2561  0.000000
epoch:34 0.5933  0.7584  0.7240  -1.0000  0.5933  -1.0000  0.6012  0.7865  0.7865  -1.0000  0.7865  -1.0000  0.2528  0.000000
epoch:35 0.5065  0.6511  0.6167  -1.0000  0.5065  -1.0000  0.6012  0.7894  0.7894  -1.0000  0.7894  -1.0000  0.2569  0.000000
epoch:36 0.5590  0.7265  0.6922  -1.0000  0.5590  -1.0000  0.5953  0.7806  0.7806  -1.0000  0.7806  -1.0000  0.2508  0.000000
epoch:37 0.5673  0.7336  0.6934  -1.0000  0.5673  -1.0000  0.5806  0.7835  0.7835  -1.0000  0.7835  -1.0000  0.2546  0.000000
epoch:38 0.5714  0.7336  0.6992  -1.0000  0.5714  -1.0000  0.5982  0.7865  0.7865  -1.0000  0.7865  -1.0000  0.2545  0.000000
epoch:39 0.5189  0.6858  0.6514  -1.0000  0.5189  -1.0000  0.5824  0.7706  0.7706  -1.0000  0.7706  -1.0000  0.2558  0.000000
epoch:40 0.5592  0.7336  0.6934  -1.0000  0.5592  -1.0000  0.5735  0.7765  0.7765  -1.0000  0.7765  -1.0000  0.2527  0.000000
epoch:41 0.5257  0.6865  0.6569  -1.0000  0.5257  -1.0000  0.5659  0.7776  0.7776  -1.0000  0.7776  -1.0000  0.2509  0.000000
epoch:42 0.5656  0.7265  0.6922  -1.0000  0.5656  -1.0000  0.5253  0.7806  0.7806  -1.0000  0.7806  -1.0000  0.2535  0.000000
epoch:43 0.4879  0.6317  0.5915  -1.0000  0.4879  -1.0000  0.5194  0.7835  0.7835  -1.0000  0.7835  -1.0000  0.2564  0.000000
epoch:44 0.4974  0.6440  0.6097  -1.0000  0.4974  -1.0000  0.5253  0.7865  0.7865  -1.0000  0.7865  -1.0000  0.2545  0.000000
epoch:45 0.4875  0.6440  0.6097  -1.0000  0.4875  -1.0000  0.5153  0.7706  0.7706  -1.0000  0.7706  -1.0000  0.2573  0.000000
epoch:46 0.4939  0.6511  0.6167  -1.0000  0.4939  -1.0000  0.5618  0.7735  0.7735  -1.0000  0.7735  -1.0000  0.2543  0.000000
epoch:47 0.5435  0.6758  0.6474  -1.0000  0.5435  -1.0000  0.6112  0.7965  0.7965  -1.0000  0.7965  -1.0000  0.2531  0.000000
epoch:48 0.5407  0.6758  0.6414  -1.0000  0.5407  -1.0000  0.6112  0.7965  0.7965  -1.0000  0.7965  -1.0000  0.2549  0.000000
epoch:49 0.5538  0.7166  0.6882  -1.0000  0.5538  -1.0000  0.5182  0.7765  0.7765  -1.0000  0.7765  -1.0000  0.2544  0.000000
