epoch:0 0.3397  0.4897  0.4327  0.0000  0.3442  -1.0000  0.3991  0.7197  0.7281  0.0000  0.7428  -1.0000  1.1587  0.004000
epoch:1 0.4830  0.5985  0.5985  0.0000  0.4889  -1.0000  0.4796  0.7864  0.7864  0.0000  0.8013  -1.0000  0.4086  0.004000
epoch:2 0.5452  0.6793  0.6793  0.0000  0.5529  -1.0000  0.5293  0.7874  0.7874  0.0000  0.8028  -1.0000  0.3122  0.004000
epoch:3 0.5822  0.6983  0.6983  0.0000  0.5905  -1.0000  0.5442  0.8168  0.8168  0.0000  0.8327  -1.0000  0.2762  0.004000
epoch:4 0.6040  0.7183  0.7183  0.0000  0.6128  -1.0000  0.4798  0.8191  0.8191  0.0000  0.8350  -1.0000  0.2639  0.004000
epoch:5 0.5878  0.7015  0.7015  0.0000  0.5967  -1.0000  0.5707  0.8238  0.8238  0.0000  0.8395  -1.0000  0.2522  0.004000
epoch:6 0.5909  0.7230  0.7230  0.0000  0.5998  -1.0000  0.5536  0.8008  0.8008  0.0000  0.8160  -1.0000  0.2382  0.004000
epoch:7 0.6332  0.7394  0.7394  0.0000  0.6428  -1.0000  0.5571  0.8420  0.8420  0.0000  0.8583  -1.0000  0.2235  0.004000
epoch:8 0.6477  0.7772  0.7772  0.0000  0.6569  -1.0000  0.5744  0.8338  0.8338  0.0000  0.8499  -1.0000  0.2099  0.004000
epoch:9 0.6739  0.7914  0.7914  0.0000  0.6838  -1.0000  0.5792  0.8380  0.8380  0.0000  0.8542  -1.0000  0.1970  0.004000
epoch:10 0.6894  0.8077  0.8077  0.0000  0.6999  -1.0000  0.6008  0.8445  0.8445  0.0000  0.8607  -1.0000  0.1771  0.000400
epoch:11 0.7029  0.8402  0.8303  0.2000  0.7115  -1.0000  0.6183  0.8463  0.8463  0.2000  0.8585  -1.0000  0.1688  0.000400
epoch:12 0.7101  0.8509  0.8410  0.4000  0.7170  -1.0000  0.6140  0.8462  0.8462  0.4000  0.8543  -1.0000  0.1709  0.000400
epoch:13 0.7072  0.8427  0.8427  0.0000  0.7181  -1.0000  0.5904  0.8363  0.8363  0.0000  0.8523  -1.0000  0.1667  0.000400
epoch:14 0.7232  0.8688  0.8589  0.4000  0.7303  -1.0000  0.5924  0.8463  0.8463  0.4000  0.8543  -1.0000  0.1676  0.000400
epoch:15 0.7159  0.8496  0.8496  0.0000  0.7268  -1.0000  0.5743  0.8378  0.8378  0.0000  0.8541  -1.0000  0.1671  0.000400
epoch:16 0.7249  0.8637  0.8537  0.4000  0.7322  -1.0000  0.6163  0.8462  0.8462  0.4000  0.8543  -1.0000  0.1642  0.000400
epoch:17 0.7260  0.8587  0.8587  0.0000  0.7374  -1.0000  0.5747  0.8400  0.8400  0.0000  0.8562  -1.0000  0.1608  0.000400
epoch:18 0.7224  0.8591  0.8591  0.0000  0.7337  -1.0000  0.6120  0.8362  0.8362  0.0000  0.8522  -1.0000  0.1589  0.000400
epoch:19 0.7311  0.8779  0.8680  0.3000  0.7391  -1.0000  0.5746  0.8402  0.8402  0.3000  0.8501  -1.0000  0.1571  0.000400
epoch:20 0.7306  0.8681  0.8582  0.4000  0.7378  -1.0000  0.5964  0.8502  0.8502  0.4000  0.8584  -1.0000  0.1568  0.000040
epoch:21 0.7267  0.8692  0.8593  0.3000  0.7350  -1.0000  0.5944  0.8418  0.8418  0.3000  0.8520  -1.0000  0.1548  0.000040
epoch:22 0.7241  0.8681  0.8582  0.4000  0.7310  -1.0000  0.5729  0.8440  0.8440  0.4000  0.8521  -1.0000  0.1527  0.000040
epoch:23 0.7225  0.8656  0.8656  0.0000  0.7335  -1.0000  0.5903  0.8340  0.8340  0.0000  0.8500  -1.0000  0.1528  0.000040
epoch:24 0.7227  0.8618  0.8519  0.5000  0.7289  -1.0000  0.5946  0.8483  0.8483  0.5000  0.8543  -1.0000  0.1517  0.000040
epoch:25 0.7330  0.8662  0.8662  0.0000  0.7442  -1.0000  0.5943  0.8400  0.8400  0.0000  0.8562  -1.0000  0.1531  0.000040
epoch:26 0.7286  0.8712  0.8613  0.5000  0.7349  -1.0000  0.5923  0.8438  0.8438  0.5000  0.8499  -1.0000  0.1525  0.000040
epoch:27 0.7379  0.8738  0.8639  0.4000  0.7450  -1.0000  0.5770  0.8525  0.8525  0.4000  0.8607  -1.0000  0.1524  0.000040
epoch:28 0.7373  0.8791  0.8692  0.3000  0.7456  -1.0000  0.5786  0.8462  0.8462  0.3000  0.8563  -1.0000  0.1516  0.000040
epoch:29 0.7266  0.8756  0.8657  0.3000  0.7348  -1.0000  0.5569  0.8398  0.8398  0.3000  0.8499  -1.0000  0.1504  0.000040
epoch:30 0.7415  0.8740  0.8740  0.0000  0.7528  -1.0000  0.5590  0.8423  0.8423  0.0000  0.8585  -1.0000  0.1526  0.000004
epoch:31 0.7368  0.8701  0.8701  0.0000  0.7481  -1.0000  0.5590  0.8402  0.8402  0.0000  0.8563  -1.0000  0.1513  0.000004
epoch:32 0.7324  0.8796  0.8697  0.4000  0.7397  -1.0000  0.5525  0.8417  0.8417  0.4000  0.8498  -1.0000  0.1516  0.000004
epoch:33 0.7325  0.8664  0.8664  0.0000  0.7437  -1.0000  0.5612  0.8425  0.8425  0.0000  0.8586  -1.0000  0.1493  0.000004
epoch:34 0.7321  0.8730  0.8730  0.0000  0.7430  -1.0000  0.5527  0.8318  0.8318  0.0000  0.8478  -1.0000  0.1501  0.000004
epoch:35 0.7325  0.8862  0.8763  0.4000  0.7396  -1.0000  0.5507  0.8398  0.8398  0.4000  0.8478  -1.0000  0.1503  0.000004
epoch:36 0.7310  0.8694  0.8694  0.0000  0.7421  -1.0000  0.5549  0.8382  0.8382  0.0000  0.8543  -1.0000  0.1525  0.000004
epoch:37 0.7366  0.8691  0.8691  0.0000  0.7480  -1.0000  0.5610  0.8400  0.8400  0.0000  0.8562  -1.0000  0.1507  0.000004
epoch:38 0.7380  0.8812  0.8713  0.4000  0.7454  -1.0000  0.5703  0.8415  0.8415  0.4000  0.8497  -1.0000  0.1520  0.000004
epoch:39 0.7307  0.8660  0.8660  0.0000  0.7420  -1.0000  0.5923  0.8380  0.8380  0.0000  0.8542  -1.0000  0.1508  0.000004
epoch:40 0.7355  0.8834  0.8735  0.2000  0.7448  -1.0000  0.5743  0.8420  0.8420  0.2000  0.8542  -1.0000  0.1517  0.000000
epoch:41 0.7344  0.8823  0.8724  0.5000  0.7406  -1.0000  0.5744  0.8438  0.8438  0.5000  0.8499  -1.0000  0.1498  0.000000
epoch:42 0.7310  0.8802  0.8703  0.3000  0.7391  -1.0000  0.5507  0.8400  0.8400  0.3000  0.8500  -1.0000  0.1519  0.000000
epoch:43 0.7356  0.8780  0.8681  0.3000  0.7437  -1.0000  0.5614  0.8485  0.8485  0.3000  0.8586  -1.0000  0.1516  0.000000
epoch:44 0.7379  0.8694  0.8694  0.0000  0.7489  -1.0000  0.6010  0.8423  0.8423  0.0000  0.8585  -1.0000  0.1511  0.000000
epoch:45 0.7337  0.8775  0.8676  0.4000  0.7409  -1.0000  0.5592  0.8462  0.8462  0.4000  0.8543  -1.0000  0.1506  0.000000
epoch:46 0.7347  0.8736  0.8736  0.0000  0.7458  -1.0000  0.5743  0.8358  0.8358  0.0000  0.8520  -1.0000  0.1493  0.000000
epoch:47 0.7338  0.8825  0.8726  0.3000  0.7420  -1.0000  0.5723  0.8398  0.8398  0.3000  0.8499  -1.0000  0.1515  0.000000
epoch:48 0.7338  0.8703  0.8703  0.0000  0.7450  -1.0000  0.5590  0.8402  0.8402  0.0000  0.8563  -1.0000  0.1507  0.000000
epoch:49 0.7335  0.8788  0.8689  0.3000  0.7417  -1.0000  0.5743  0.8418  0.8418  0.3000  0.8520  -1.0000  0.1505  0.000000
